0 7510.0
 
1 7932.0
 
2 8855.0
 
3 9593.0
 
4 8855.0
 
5 9082.0
 
6 8855.0
 
7 9593.0
 
8 8855.0
 
9 9071.0
 
10 8855.0
 
11 9071.0
 
12 9371.0
 
13 9500.0
 
14 9371.0
 
15 9500.0
 
16 9371.0
 
17 9335.0
 
18 9371.0
 
19 9500.0
 
20 9371.0
 
21 9500.0
 
22 9212.0
 
23 9556.0
 
24 9212.0
 
25 8487.0
 
26 9313.0
 
27 7507.0
 
28 7126.0
 
29 8487.0
 
30 9398.0
 
31 8487.0
 
32 9321.0
 
33 8487.0
 
34 7669.0
 
35 7669.0
 
36 9321.0
 
37 7669.0
 
38 9901.0
 
39 9918.0
 
40 9901.0
 
41 9918.0
 
42 7683.0
 
43 8417.0
 
44 7683.0
 
45 8417.0
 
46 6839.0
 
47 7793.0
 
48 6839.0
 
49 7793.0
 
50 6839.0
 
51 7793.0
 
52 6839.0
 
53 8390.0
 
54 7320.0
 
55 8390.0
 
56 8812.0
 
57 8390.0
 
58 8476.0
 
59 7530.0
 
60 8476.0
 
61 7530.0
 
62 7859.0
 
63 7394.0
 
64 6349.0
 
65 7394.0
 
66 6349.0
 
67 8064.0
 
68 6349.0
 
69 6114.0
 
70 7951.0
 
71 6114.0
 
72 7197.0
 
73 6114.0
 
74 7197.0
 
75 6114.0
 
76 7197.0
 
77 6114.0
 
78 7197.0
 
79 6114.0
 
80 7197.0
 
81 6114.0
 
82 7197.0
 
83 6114.0
 
84 7197.0
 
85 6114.0
 
86 8014.0
 
87 6114.0
 
88 8014.0
 
89 6114.0
 
90 8014.0
 
91 6114.0
 
92 7009.0
 
93 6114.0
 
94 9129.0
 
95 6114.0
 
96 7194.0
 
97 6114.0
 
98 10738.0
 
99 6114.0
 
100 8397.0
 
101 7695.0
 
102 7556.0
 
103 7695.0
 
104 7556.0
 
105 7556.0
 
106 7071.0
 
107 7556.0
 
108 9512.0
 
109 7556.0
 
110 9512.0
 
111 7556.0
 
112 8991.0
 
113 7556.0
 
114 7846.0
 
115 7762.0
 
116 7846.0
 
117 7762.0
 
118 7943.0
 
119 7806.0
 
120 7943.0
 
121 8796.0
 
122 7943.0
 
123 8796.0
 
124 7943.0
 
125 8796.0
 
126 7943.0
 
127 8796.0
 
128 6846.0
 
129 8274.0
 
130 6846.0
 
131 6826.0
 
132 9089.0
 
133 6826.0
 
134 6805.0
 
135 7040.0
 
136 6805.0
 
137 7040.0
 
138 6805.0
 
139 5815.0
 
140 6805.0
 
141 5815.0
 
142 6805.0
 
143 5815.0
 
144 7467.0
 
145 6354.0
 
146 10311.0
 
147 8200.0
 
148 7417.0
 
149 10105.0
 
150 7603.0
 
151 9177.0
 
152 8054.0
 
153 8153.0
 
154 8054.0
 
155 7836.0
 
156 9187.0
 
157 8603.0
 
158 9187.0
 
159 8603.0
 
160 9187.0
 
161 8603.0
 
162 8996.0
 
163 9849.0
 
164 7836.0
 
165 10014.0
 
166 7836.0
 
167 7823.0
 
168 8984.0
 
169 7823.0
 
170 7897.0
 
171 9299.0
 
172 7897.0
 
173 8988.0
 
174 7948.0
 
175 8190.0
 
176 7948.0
 
177 7486.0
 
178 10010.0
 
179 8047.0
 
180 10275.0
 
181 8047.0
 
182 10275.0
 
183 8047.0
 
184 10275.0
 
185 8047.0
 
186 9176.0
 
187 8047.0
 
188 9176.0
 
189 8729.0
 
190 5734.0
 
191 8729.0
 
192 5734.0
 
193 8729.0
 
194 5734.0
 
195 8729.0
 
196 5734.0
 
197 8217.0
 
198 5734.0
 
199 8217.0
 
200 5734.0
 
201 8217.0
 
202 5734.0
 
203 8217.0
 
204 5734.0
 
205 8217.0
 
206 9968.0
 
207 8419.0
 
208 9905.0
 
209 8419.0
 
210 9905.0
 
211 8419.0
 
212 9905.0
 
213 8419.0
 
214 8467.0
 
215 7452.0
 
216 9905.0
 
217 7452.0
 
218 9905.0
 
219 8419.0
 
220 6574.0
 
221 8419.0
 
222 6574.0
 
223 8419.0
 
224 6574.0
 
225 9557.0
 
226 9517.0
 
227 8826.0
 
228 10157.0
 
229 8826.0
 
230 10738.0
 
231 8826.0
 
232 11056.0
 
233 8826.0
 
234 11056.0
 
235 8826.0
 
236 11056.0
 
237 8826.0
 
238 7942.0
 
239 8618.0
 
240 7942.0
 
241 9208.0
 
242 7692.0
 
243 7942.0
 
244 7692.0
 
245 7942.0
 
246 7692.0
 
247 7133.0
 
248 8334.0
 
249 7133.0
 
250 8334.0
 
251 7133.0
 
252 8758.0
 
253 7524.0
 
254 8758.0
 
255 9984.0
 
256 8758.0
 
257 9560.0
 
258 8758.0
 
259 12098.0
 
260 8758.0
 
261 10810.0
 
262 10630.0
 
263 9135.0
 
264 10425.0
 
265 9135.0
 
266 9902.0
 
267 10810.0
 
268 9902.0
 
269 8667.0
 
270 7419.0
 
271 8911.0
 
272 7419.0
 
273 11111.0
 
274 8617.0
 
275 9101.0
 
276 8956.0
 
277 9452.0
 
278 5916.0
 
279 8739.0
 
280 7348.0
 
281 8739.0
 
282 7297.0
 
283 9452.0
 
284 8956.0
 
285 5872.0
 
286 8956.0
 
287 5872.0
 
288 9502.0
 
289 5872.0
 
290 7222.0
 
291 5872.0
 
292 8664.0
 
293 5872.0
 
294 8664.0
 
295 5872.0
 
296 8664.0
 
297 5872.0
 
298 10060.0
 
299 5872.0
 
300 9728.0
 
301 5872.0
 
302 9573.0
 
303 8682.0
 
304 10793.0
 
305 8682.0
 
306 9169.0
 
307 7583.0
 
308 8995.0
 
309 8563.0
 
310 8470.0
 
311 9573.0
 
312 8588.0
 
313 8470.0
 
314 8425.0
 
315 11473.0
 
316 8425.0
 
317 9473.0
 
318 7887.0
 
319 6354.0
 
320 10527.0
 
321 9473.0
 
322 10527.0
 
323 9473.0
 
324 9827.0
 
325 5689.0
 
326 8833.0
 
327 5689.0
 
328 8833.0
 
329 9338.0
 
330 7921.0
 
331 5689.0
 
332 7177.0
 
333 5689.0
 
334 7486.0
 
335 9338.0
 
336 7486.0
 
337 8932.0
 
338 7486.0
 
339 9356.0
 
340 7242.0
 
341 8932.0
 
342 7242.0
 
343 7836.0
 
344 7242.0
 
345 8932.0
 
346 6520.0
 
347 8932.0
 
348 6520.0
 
349 7057.0
 
350 6520.0
 
351 7057.0
 
352 6520.0
 
353 7057.0
 
354 6520.0
 
355 7057.0
 
356 10183.0
 
357 7057.0
 
358 6456.0
 
359 8244.0
 
360 6456.0
 
361 8244.0
 
362 9248.0
 
363 11082.0
 
364 9248.0
 
365 8706.0
 
366 10415.0
 
367 9057.0
 
368 10796.0
 
369 9057.0
 
370 10308.0
 
371 9057.0
 
372 7969.0
 
373 9057.0
 
374 9953.0
 
375 8862.0
 
376 9953.0
 
377 8862.0
 
378 7509.0
 
379 9168.0
 
380 7451.0
 
381 6564.0
 
382 5598.0
 
383 6564.0
 
384 5598.0
 
385 8994.0
 
386 7509.0
 
387 8994.0
 
388 9372.0
 
389 7509.0
 
390 6825.0
 
391 7169.0
 
392 6825.0
 
393 11066.0
 
394 9372.0
 
395 7537.0
 
396 9372.0
 
397 6697.0
 
398 9687.0
 
399 8012.0
 
400 9687.0
 
401 8012.0
 
402 9687.0
 
403 8012.0
 
404 9737.0
 
405 7766.0
 
406 9737.0
 
407 7766.0
 
408 5796.0
 
409 7231.0
 
410 5796.0
 
411 6915.0
 
412 5796.0
 
413 6915.0
 
414 7981.0
 
415 8012.0
 
416 8378.0
 
417 8012.0
 
418 8378.0
 
419 10147.0
 
420 9773.0
 
421 7881.0
 
422 7188.0
 
423 7881.0
 
424 7188.0
 
425 7881.0
 
426 7188.0
 
427 7881.0
 
428 7188.0
 
429 7881.0
 
430 9684.0
 
431 7881.0
 
432 6724.0
 
433 7881.0
 
434 10107.0
 
435 7881.0
 
436 10107.0
 
437 6329.0
 
438 8330.0
 
439 6329.0
 
440 6254.0
 
441 6329.0
 
442 8330.0
 
443 6329.0
 
444 8067.0
 
445 6329.0
 
446 6002.0
 
447 6329.0
 
448 6002.0
 
449 6329.0
 
0 9637.0
 
1 9153.0
 
2 5249.0
 
3 7381.0
 
4 5249.0
 
5 7381.0
 
6 6604.0
 
7 7381.0
 
8 6604.0
 
9 9002.0
 
10 6604.0
 
11 9848.0
 
12 6604.0
 
13 11775.0
 
14 6604.0
 
15 11775.0
 
16 9796.0
 
17 11775.0
 
18 9796.0
 
19 9831.0
 
20 6200.0
 
21 9831.0
 
22 6200.0
 
23 9831.0
 
24 9913.0
 
25 8191.0
 
26 9913.0
 
27 8191.0
 
28 9820.0
 
29 8191.0
 
30 7189.0
 
31 8191.0
 
32 7189.0
 
33 7001.0
 
34 8913.0
 
35 7001.0
 
36 8913.0
 
37 8191.0
 
38 8913.0
 
39 8191.0
 
40 8855.0
 
41 8191.0
 
42 7256.0
 
43 8191.0
 
44 7256.0
 
45 7950.0
 
46 7256.0
 
47 9005.0
 
48 6738.0
 
49 7731.0
 
50 7146.0
 
51 7731.0
 
52 7146.0
 
53 8209.0
 
54 5256.0
 
55 8028.0
 
56 5256.0
 
57 8028.0
 
58 9913.0
 
59 8028.0
 
60 7322.0
 
61 8028.0
 
62 7322.0
 
63 8028.0
 
64 11023.0
 
65 8070.0
 
66 12370.0
 
67 8070.0
 
68 10240.0
 
69 8070.0
 
70 8424.0
 
71 7329.0
 
72 8622.0
 
73 7329.0
 
74 9112.0
 
75 8070.0
 
76 9992.0
 
77 6809.0
 
78 10385.0
 
79 6809.0
 
80 5865.0
 
81 6809.0
 
82 5865.0
 
83 6844.0
 
84 5865.0
 
85 6844.0
 
86 5865.0
 
87 6844.0
 
88 9509.0
 
89 6844.0
 
90 9509.0
 
91 6844.0
 
92 9792.0
 
93 6837.0
 
94 9792.0
 
95 10705.0
 
96 8689.0
 
97 9864.0
 
98 8689.0
 
99 9864.0
 
100 8689.0
 
101 9985.0
 
102 8689.0
 
103 8826.0
 
104 8657.0
 
105 9134.0
 
106 8657.0
 
107 9258.0
 
108 8657.0
 
109 9225.0
 
110 7292.0
 
111 8599.0
 
112 9397.0
 
113 10062.0
 
114 11710.0
 
115 8102.0
 
116 9961.0
 
117 10062.0
 
118 9961.0
 
119 9277.0
 
120 7009.0
 
121 10462.0
 
122 9476.0
 
123 9599.0
 
124 9476.0
 
125 6650.0
 
126 9476.0
 
127 7135.0
 
128 9476.0
 
129 8958.0
 
130 10532.0
 
131 8305.0
 
132 6911.0
 
133 8395.0
 
134 6911.0
 
135 9390.0
 
136 9599.0
 
137 9390.0
 
138 9480.0
 
139 9390.0
 
140 8921.0
 
141 8313.0
 
142 8921.0
 
143 8583.0
 
144 8862.0
 
145 7660.0
 
146 8862.0
 
147 7660.0
 
148 9636.0
 
149 9931.0
 
150 9636.0
 
151 9931.0
 
152 9636.0
 
153 9863.0
 
154 9601.0
 
155 9863.0
 
156 9601.0
 
157 6956.0
 
158 8754.0
 
159 6956.0
 
160 8754.0
 
161 6956.0
 
162 7313.0
 
163 6956.0
 
164 7313.0
 
165 6956.0
 
166 9405.0
 
167 6956.0
 
168 9405.0
 
169 6956.0
 
170 9532.0
 
171 6956.0
 
172 9983.0
 
173 11080.0
 
174 9983.0
 
175 10441.0
 
176 9983.0
 
177 9892.0
 
178 7511.0
 
179 9892.0
 
180 8141.0
 
181 9892.0
 
182 8915.0
 
183 8882.0
 
184 8915.0
 
185 9210.0
 
186 9159.0
 
187 9210.0
 
188 9159.0
 
189 8164.0
 
190 9159.0
 
191 8293.0
 
192 8180.0
 
193 8293.0
 
194 7141.0
 
195 8293.0
 
196 7141.0
 
197 10131.0
 
198 6993.0
 
199 10131.0
 
200 6993.0
 
201 9626.0
 
202 7141.0
 
203 9626.0
 
204 7141.0
 
205 8977.0
 
206 7141.0
 
207 8977.0
 
208 7141.0
 
209 7946.0
 
210 7141.0
 
211 7946.0
 
212 7141.0
 
213 8934.0
 
214 7141.0
 
215 9453.0
 
216 7141.0
 
217 7971.0
 
218 7770.0
 
219 9453.0
 
220 9751.0
 
221 9166.0
 
222 10121.0
 
223 9453.0
 
224 10121.0
 
225 9166.0
 
226 8121.0
 
227 9166.0
 
228 8763.0
 
229 9166.0
 
230 8763.0
 
231 8336.0
 
232 8121.0
 
233 8336.0
 
234 8121.0
 
235 8336.0
 
236 11374.0
 
237 8583.0
 
238 8799.0
 
239 8583.0
 
240 5654.0
 
241 8583.0
 
242 5654.0
 
243 8583.0
 
244 8542.0
 
245 8583.0
 
246 6841.0
 
247 8583.0
 
248 8542.0
 
249 8583.0
 
250 9425.0
 
251 9722.0
 
252 8583.0
 
253 9722.0
 
254 8583.0
 
255 9722.0
 
256 8799.0
 
257 8954.0
 
258 8799.0
 
259 7703.0
 
260 8799.0
 
261 8954.0
 
262 9805.0
 
263 7948.0
 
264 7948.0
 
265 8503.0
 
266 7948.0
 
267 8868.0
 
268 7761.0
 
269 8868.0
 
270 7761.0
 
271 8868.0
 
272 7236.0
 
273 8868.0
 
274 7236.0
 
275 8281.0
 
276 6912.0
 
277 8281.0
 
278 6824.0
 
279 8954.0
 
280 6824.0
 
281 9917.0
 
282 9824.0
 
283 9917.0
 
284 10360.0
 
285 8795.0
 
286 10360.0
 
287 8889.0
 
288 8893.0
 
289 8889.0
 
290 8201.0
 
291 7707.0
 
292 8344.0
 
293 7707.0
 
294 8344.0
 
295 7707.0
 
296 8344.0
 
297 7707.0
 
298 7636.0
 
299 10977.0
 
300 9302.0
 
301 7035.0
 
302 9302.0
 
303 7035.0
 
304 9302.0
 
305 7035.0
 
306 4975.0
 
307 8287.0
 
308 4975.0
 
309 8287.0
 
310 5636.0
 
311 8287.0
 
312 9138.0
 
313 5636.0
 
314 9138.0
 
315 10750.0
 
316 9138.0
 
317 10489.0
 
318 9302.0
 
319 10489.0
 
320 9302.0
 
321 8738.0
 
322 9302.0
 
323 5988.0
 
324 9302.0
 
325 8738.0
 
326 6047.0
 
327 11463.0
 
328 6047.0
 
329 11067.0
 
330 7052.0
 
331 11067.0
 
332 6879.0
 
333 11067.0
 
334 6879.0
 
335 8203.0
 
336 7802.0
 
337 7423.0
 
338 7802.0
 
339 7901.0
 
340 7814.0
 
341 7861.0
 
342 7749.0
 
343 11508.0
 
344 9096.0
 
345 8336.0
 
346 5330.0
 
347 8336.0
 
348 5330.0
 
349 8336.0
 
350 5330.0
 
351 9614.0
 
352 7909.0
 
353 8536.0
 
354 6434.0
 
355 8536.0
 
356 7907.0
 
357 7901.0
 
358 9214.0
 
359 7901.0
 
360 10409.0
 
361 7901.0
 
362 10423.0
 
363 7901.0
 
364 10423.0
 
365 8279.0
 
366 8852.0
 
367 6810.0
 
368 8852.0
 
369 6810.0
 
370 8435.0
 
371 6810.0
 
372 6867.0
 
373 6810.0
 
374 6867.0
 
375 6810.0
 
376 9287.0
 
377 6810.0
 
378 9287.0
 
379 6810.0
 
380 6810.0
 
381 8923.0
 
382 8620.0
 
383 8923.0
 
384 8620.0
 
385 8923.0
 
386 8445.0
 
387 10411.0
 
388 8057.0
 
389 10411.0
 
390 8620.0
 
391 10411.0
 
392 8620.0
 
393 10316.0
 
394 8620.0
 
395 9919.0
 
396 10317.0
 
397 9597.0
 
398 10869.0
 
399 8461.0
 
400 10580.0
 
401 9597.0
 
402 10170.0
 
403 9597.0
 
404 10170.0
 
405 9597.0
 
406 8667.0
 
407 7147.0
 
408 8667.0
 
409 9597.0
 
410 8370.0
 
411 9597.0
 
412 8370.0
 
413 8329.0
 
414 10075.0
 
415 6208.0
 
416 8252.0
 
417 10502.0
 
418 8252.0
 
419 9725.0
 
420 5800.0
 
421 9725.0
 
422 5800.0
 
423 11464.0
 
424 5800.0
 
425 8595.0
 
426 5800.0
 
427 8595.0
 
428 5800.0
 
429 7383.0
 
430 5800.0
 
431 6322.0
 
432 9146.0
 
433 6322.0
 
434 10764.0
 
435 6573.0
 
436 6059.0
 
437 10059.0
 
438 6059.0
 
439 9905.0
 
440 6059.0
 
441 8671.0
 
442 7736.0
 
443 10445.0
 
444 8941.0
 
445 9341.0
 
446 8432.0
 
447 6573.0
 
448 8941.0
 
449 6573.0
 
0 7960.0
 
1 7491.0
 
2 7491.0
 
3 8603.0
 
4 7491.0
 
5 8603.0
 
6 7491.0
 
7 8603.0
 
8 7491.0
 
9 8603.0
 
10 7761.0
 
11 9320.0
 
12 7761.0
 
13 7102.0
 
14 7699.0
 
15 7594.0
 
16 7594.0
 
17 10655.0
 
18 7594.0
 
19 10655.0
 
20 5629.0
 
21 10655.0
 
22 5629.0
 
23 10679.0
 
24 6747.0
 
25 7587.0
 
26 6747.0
 
27 8925.0
 
28 7699.0
 
29 8925.0
 
30 7699.0
 
31 8984.0
 
32 9598.0
 
33 8984.0
 
34 9488.0
 
35 8984.0
 
36 7573.0
 
37 8984.0
 
38 7573.0
 
39 8984.0
 
40 7339.0
 
41 8984.0
 
42 10125.0
 
43 9213.0
 
44 10125.0
 
45 9213.0
 
46 8948.0
 
47 8452.0
 
48 11200.0
 
49 8452.0
 
50 7320.0
 
51 8452.0
 
52 9315.0
 
53 7457.0
 
54 8452.0
 
55 7457.0
 
56 8452.0
 
57 8136.0
 
58 8452.0
 
59 8039.0
 
60 10098.0
 
61 8039.0
 
62 10098.0
 
63 8039.0
 
64 10098.0
 
65 8039.0
 
66 10098.0
 
67 8039.0
 
68 9187.0
 
69 8039.0
 
70 10098.0
 
71 7457.0
 
72 9396.0
 
73 7457.0
 
74 9396.0
 
75 8040.0
 
76 9396.0
 
77 9758.0
 
78 9396.0
 
79 9758.0
 
80 8048.0
 
81 10876.0
 
82 8048.0
 
83 8126.0
 
84 8048.0
 
85 8126.0
 
86 8048.0
 
87 8126.0
 
88 8048.0
 
89 8126.0
 
90 8048.0
 
91 8126.0
 
92 8048.0
 
93 8126.0
 
94 5312.0
 
95 6101.0
 
96 5312.0
 
97 6101.0
 
98 6854.0
 
99 6101.0
 
100 6854.0
 
101 6101.0
 
102 6854.0
 
103 6101.0
 
104 8126.0
 
105 7196.0
 
106 8593.0
 
107 6638.0
 
108 8593.0
 
109 9736.0
 
110 8593.0
 
111 8439.0
 
112 8690.0
 
113 9395.0
 
114 8690.0
 
115 10940.0
 
116 8690.0
 
117 10940.0
 
118 8557.0
 
119 8614.0
 
120 8557.0
 
121 8614.0
 
122 10882.0
 
123 8614.0
 
124 10882.0
 
125 8614.0
 
126 6920.0
 
127 8614.0
 
128 11260.0
 
129 7707.0
 
130 10286.0
 
131 7707.0
 
132 10268.0
 
133 7707.0
 
134 6920.0
 
135 7707.0
 
136 8960.0
 
137 5544.0
 
138 8756.0
 
139 5544.0
 
140 7752.0
 
141 9319.0
 
142 8960.0
 
143 9319.0
 
144 8960.0
 
145 7157.0
 
146 8960.0
 
147 10333.0
 
148 7236.0
 
149 10333.0
 
150 7932.0
 
151 9581.0
 
152 10216.0
 
153 8542.0
 
154 8598.0
 
155 8542.0
 
156 10282.0
 
157 9078.0
 
158 10282.0
 
159 9078.0
 
160 10268.0
 
161 7876.0
 
162 10268.0
 
163 10193.0
 
164 7964.0
 
165 10193.0
 
166 7964.0
 
167 7488.0
 
168 8052.0
 
169 7488.0
 
170 8567.0
 
171 11617.0
 
172 7488.0
 
173 7964.0
 
174 7488.0
 
175 7964.0
 
176 9142.0
 
177 7964.0
 
178 8616.0
 
179 7964.0
 
180 8616.0
 
181 7964.0
 
182 8616.0
 
183 10346.0
 
184 6496.0
 
185 7044.0
 
186 6496.0
 
187 9662.0
 
188 6496.0
 
189 12501.0
 
190 6496.0
 
191 9839.0
 
192 6496.0
 
193 7823.0
 
194 6496.0
 
195 7823.0
 
196 5343.0
 
197 6759.0
 
198 5343.0
 
199 6759.0
 
200 5343.0
 
201 6759.0
 
202 5343.0
 
203 6759.0
 
204 5343.0
 
205 6759.0
 
206 5343.0
 
207 6759.0
 
208 5343.0
 
209 9045.0
 
210 5343.0
 
211 9045.0
 
212 5343.0
 
213 6746.0
 
214 5343.0
 
215 6746.0
 
216 9223.0
 
217 6746.0
 
218 7797.0
 
219 9166.0
 
220 7797.0
 
221 7902.0
 
222 9343.0
 
223 6646.0
 
224 7642.0
 
225 6646.0
 
226 7642.0
 
227 6646.0
 
228 7642.0
 
229 9258.0
 
230 7822.0
 
231 8558.0
 
232 7828.0
 
233 8558.0
 
234 7828.0
 
235 8558.0
 
236 7828.0
 
237 8558.0
 
238 9989.0
 
239 9217.0
 
240 8008.0
 
241 8107.0
 
242 8008.0
 
243 9073.0
 
244 8008.0
 
245 9073.0
 
246 8008.0
 
247 7463.0
 
248 8008.0
 
249 7463.0
 
250 6940.0
 
251 9079.0
 
252 6940.0
 
253 9079.0
 
254 6940.0
 
255 9079.0
 
256 6940.0
 
257 9079.0
 
258 6940.0
 
259 8496.0
 
260 8812.0
 
261 9844.0
 
262 8550.0
 
263 9227.0
 
264 7917.0
 
265 9227.0
 
266 6804.0
 
267 5355.0
 
268 6804.0
 
269 5355.0
 
270 6804.0
 
271 5355.0
 
272 6804.0
 
273 5355.0
 
274 6804.0
 
275 5355.0
 
276 6804.0
 
277 5355.0
 
278 6804.0
 
279 5355.0
 
280 6804.0
 
281 5355.0
 
282 6804.0
 
283 5228.0
 
284 6804.0
 
285 5228.0
 
286 6804.0
 
287 5228.0
 
288 7348.0
 
289 6793.0
 
290 7850.0
 
291 6793.0
 
292 7850.0
 
293 6793.0
 
294 9074.0
 
295 6793.0
 
296 9074.0
 
297 8964.0
 
298 9937.0
 
299 8870.0
 
300 9793.0
 
301 8870.0
 
302 9106.0
 
303 8494.0
 
304 8028.0
 
305 8072.0
 
306 8028.0
 
307 8072.0
 
308 8028.0
 
309 8582.0
 
310 8028.0
 
311 8072.0
 
312 8028.0
 
313 8072.0
 
314 8028.0
 
315 8072.0
 
316 8028.0
 
317 8072.0
 
318 10646.0
 
319 8897.0
 
320 8910.0
 
321 8897.0
 
322 9320.0
 
323 7923.0
 
324 9320.0
 
325 7923.0
 
326 11699.0
 
327 8938.0
 
328 11699.0
 
329 10928.0
 
330 10984.0
 
331 10928.0
 
332 10984.0
 
333 6581.0
 
334 8497.0
 
335 11043.0
 
336 8497.0
 
337 6724.0
 
338 8871.0
 
339 6724.0
 
340 7547.0
 
341 7854.0
 
342 8403.0
 
343 7854.0
 
344 8403.0
 
345 7854.0
 
346 8110.0
 
347 7854.0
 
348 8110.0
 
349 6724.0
 
350 8110.0
 
351 6724.0
 
352 10614.0
 
353 6724.0
 
354 9459.0
 
355 9267.0
 
356 9267.0
 
357 10115.0
 
358 10345.0
 
359 6089.0
 
360 9739.0
 
361 10115.0
 
362 10345.0
 
363 9920.0
 
364 6991.0
 
365 6991.0
 
366 10202.0
 
367 6991.0
 
368 10162.0
 
369 6991.0
 
370 10202.0
 
371 8967.0
 
372 8858.0
 
373 8362.0
 
374 7593.0
 
375 8362.0
 
376 8812.0
 
377 8967.0
 
378 8812.0
 
379 8967.0
 
380 7909.0
 
381 10158.0
 
382 7909.0
 
383 7799.0
 
384 8812.0
 
385 9726.0
 
386 8812.0
 
387 9104.0
 
388 9880.0
 
389 7236.0
 
390 8682.0
 
391 8682.0
 
392 9186.0
 
393 9104.0
 
394 9186.0
 
395 9104.0
 
396 9186.0
 
397 9104.0
 
398 7893.0
 
399 9104.0
 
400 8913.0
 
401 9104.0
 
402 7045.0
 
403 5602.0
 
404 8913.0
 
405 5882.0
 
406 8913.0
 
407 8472.0
 
408 9268.0
 
409 9339.0
 
410 9268.0
 
411 9339.0
 
412 7323.0
 
413 8895.0
 
414 7323.0
 
415 8895.0
 
416 7852.0
 
417 8895.0
 
418 7123.0
 
419 8594.0
 
420 7852.0
 
421 7134.0
 
422 7852.0
 
423 7134.0
 
424 8941.0
 
425 7134.0
 
426 11235.0
 
427 7134.0
 
428 7194.0
 
429 7134.0
 
430 9828.0
 
431 7134.0
 
432 8117.0
 
433 8990.0
 
434 9839.0
 
435 9826.0
 
436 9839.0
 
437 9826.0
 
438 9839.0
 
439 9826.0
 
440 7005.0
 
441 9826.0
 
442 7005.0
 
443 11023.0
 
444 7005.0
 
445 9591.0
 
446 7005.0
 
447 10277.0
 
448 7005.0
 
449 10649.0
 
0 7097.0
 
1 6976.0
 
2 7097.0
 
3 6976.0
 
4 7097.0
 
5 7117.0
 
6 7097.0
 
7 7117.0
 
8 7097.0
 
9 9392.0
 
10 7097.0
 
11 10130.0
 
12 7097.0
 
13 8472.0
 
14 8689.0
 
15 8472.0
 
16 8689.0
 
17 7681.0
 
18 8689.0
 
19 8472.0
 
20 8654.0
 
21 7737.0
 
22 8689.0
 
23 8472.0
 
24 8689.0
 
25 10747.0
 
26 5713.0
 
27 10747.0
 
28 5713.0
 
29 8158.0
 
30 7772.0
 
31 8158.0
 
32 7772.0
 
33 6155.0
 
34 8995.0
 
35 6155.0
 
36 10591.0
 
37 6155.0
 
38 9377.0
 
39 7713.0
 
40 9377.0
 
41 7713.0
 
42 9377.0
 
43 7713.0
 
44 9377.0
 
45 6186.0
 
46 8097.0
 
47 6186.0
 
48 8097.0
 
49 6186.0
 
50 8268.0
 
51 6186.0
 
52 8268.0
 
53 8072.0
 
54 6993.0
 
55 7329.0
 
56 6993.0
 
57 7329.0
 
58 6993.0
 
59 7329.0
 
60 7380.0
 
61 7329.0
 
62 7380.0
 
63 7329.0
 
64 8372.0
 
65 7329.0
 
66 8372.0
 
67 7329.0
 
68 8372.0
 
69 7329.0
 
70 8221.0
 
71 8573.0
 
72 8221.0
 
73 7230.0
 
74 8372.0
 
75 7230.0
 
76 7645.0
 
77 8573.0
 
78 10090.0
 
79 8573.0
 
80 10829.0
 
81 8254.0
 
82 6709.0
 
83 7656.0
 
84 7473.0
 
85 9522.0
 
86 7473.0
 
87 8163.0
 
88 8023.0
 
89 8163.0
 
90 8023.0
 
91 7656.0
 
92 7934.0
 
93 6955.0
 
94 7934.0
 
95 7610.0
 
96 10355.0
 
97 7656.0
 
98 11588.0
 
99 7656.0
 
100 7091.0
 
101 7656.0
 
102 7091.0
 
103 9471.0
 
104 6391.0
 
105 8745.0
 
106 6391.0
 
107 8745.0
 
108 6391.0
 
109 7656.0
 
110 6391.0
 
111 7656.0
 
112 6391.0
 
113 7359.0
 
114 6391.0
 
115 7656.0
 
116 7031.0
 
117 10904.0
 
118 7031.0
 
119 10312.0
 
120 8945.0
 
121 8945.0
 
122 10095.0
 
123 10183.0
 
124 9906.0
 
125 10183.0
 
126 8915.0
 
127 7218.0
 
128 9308.0
 
129 7218.0
 
130 9281.0
 
131 7218.0
 
132 9281.0
 
133 9186.0
 
134 6256.0
 
135 11058.0
 
136 6256.0
 
137 11462.0
 
138 6256.0
 
139 9751.0
 
140 6256.0
 
141 10130.0
 
142 6256.0
 
143 10130.0
 
144 6256.0
 
145 9667.0
 
146 6256.0
 
147 8093.0
 
148 6256.0
 
149 8093.0
 
150 6256.0
 
151 8093.0
 
152 6256.0
 
153 10765.0
 
154 6256.0
 
155 10885.0
 
156 5296.0
 
157 10885.0
 
158 5296.0
 
159 7788.0
 
160 6256.0
 
161 7788.0
 
162 6256.0
 
163 7788.0
 
164 7418.0
 
165 7788.0
 
166 7418.0
 
167 7788.0
 
168 10661.0
 
169 10280.0
 
170 7043.0
 
171 10280.0
 
172 8373.0
 
173 9781.0
 
174 8373.0
 
175 9928.0
 
176 9395.0
 
177 9480.0
 
178 9364.0
 
179 9809.0
 
180 9364.0
 
181 9809.0
 
182 5863.0
 
183 9480.0
 
184 5739.0
 
185 9480.0
 
186 5863.0
 
187 9480.0
 
188 5863.0
 
189 11061.0
 
190 5863.0
 
191 8254.0
 
192 11590.0
 
193 8254.0
 
194 7642.0
 
195 8254.0
 
196 7642.0
 
197 8254.0
 
198 7642.0
 
199 9057.0
 
200 7642.0
 
201 9329.0
 
202 7642.0
 
203 9329.0
 
204 7642.0
 
205 9329.0
 
206 7642.0
 
207 9329.0
 
208 6130.0
 
209 9375.0
 
210 7642.0
 
211 9243.0
 
212 7642.0
 
213 9243.0
 
214 8622.0
 
215 9243.0
 
216 8622.0
 
217 9243.0
 
218 8306.0
 
219 9243.0
 
220 7594.0
 
221 9243.0
 
222 7594.0
 
223 9243.0
 
224 7594.0
 
225 8239.0
 
226 7594.0
 
227 8239.0
 
228 7296.0
 
229 8137.0
 
230 7296.0
 
231 5724.0
 
232 7296.0
 
233 5724.0
 
234 10284.0
 
235 5724.0
 
236 10284.0
 
237 7505.0
 
238 7980.0
 
239 7505.0
 
240 11075.0
 
241 10682.0
 
242 10652.0
 
243 8489.0
 
244 12319.0
 
245 8489.0
 
246 10379.0
 
247 8489.0
 
248 7907.0
 
249 8489.0
 
250 7907.0
 
251 8310.0
 
252 8202.0
 
253 9540.0
 
254 8202.0
 
255 9540.0
 
256 8202.0
 
257 9540.0
 
258 8449.0
 
259 9540.0
 
260 7076.0
 
261 9540.0
 
262 6846.0
 
263 5900.0
 
264 6846.0
 
265 5900.0
 
266 6846.0
 
267 5900.0
 
268 6846.0
 
269 8736.0
 
270 7051.0
 
271 7980.0
 
272 7051.0
 
273 10434.0
 
274 7051.0
 
275 10830.0
 
276 7051.0
 
277 9679.0
 
278 7051.0
 
279 9679.0
 
280 7369.0
 
281 9679.0
 
282 8202.0
 
283 9679.0
 
284 9516.0
 
285 10194.0
 
286 9710.0
 
287 7247.0
 
288 7110.0
 
289 7247.0
 
290 6378.0
 
291 7247.0
 
292 6378.0
 
293 7247.0
 
294 6378.0
 
295 7247.0
 
296 8247.0
 
297 7796.0
 
298 8247.0
 
299 10526.0
 
300 10769.0
 
301 11556.0
 
302 8952.0
 
303 9701.0
 
304 6187.0
 
305 8335.0
 
306 6187.0
 
307 8335.0
 
308 6187.0
 
309 8335.0
 
310 6187.0
 
311 8056.0
 
312 8952.0
 
313 8335.0
 
314 8952.0
 
315 8634.0
 
316 8952.0
 
317 9309.0
 
318 10645.0
 
319 9088.0
 
320 9206.0
 
321 7045.0
 
322 9206.0
 
323 10267.0
 
324 9179.0
 
325 10267.0
 
326 8977.0
 
327 10295.0
 
328 8977.0
 
329 10382.0
 
330 7972.0
 
331 5400.0
 
332 10538.0
 
333 5400.0
 
334 10538.0
 
335 5400.0
 
336 10878.0
 
337 7869.0
 
338 10623.0
 
339 7869.0
 
340 7700.0
 
341 6945.0
 
342 7700.0
 
343 9057.0
 
344 9985.0
 
345 9057.0
 
346 9985.0
 
347 9309.0
 
348 10392.0
 
349 8382.0
 
350 9309.0
 
351 10392.0
 
352 9309.0
 
353 10282.0
 
354 9309.0
 
355 10282.0
 
356 9309.0
 
357 11127.0
 
358 8676.0
 
359 11062.0
 
360 8676.0
 
361 11062.0
 
362 6395.0
 
363 9211.0
 
364 9454.0
 
365 7434.0
 
366 8063.0
 
367 7434.0
 
368 8063.0
 
369 8503.0
 
370 8063.0
 
371 8503.0
 
372 6992.0
 
373 8503.0
 
374 8603.0
 
375 9211.0
 
376 8603.0
 
377 9211.0
 
378 9316.0
 
379 9718.0
 
380 11220.0
 
381 11222.0
 
382 7794.0
 
383 11222.0
 
384 10601.0
 
385 7242.0
 
386 8720.0
 
387 7242.0
 
388 8720.0
 
389 7242.0
 
390 8720.0
 
391 7242.0
 
392 8644.0
 
393 10657.0
 
394 10805.0
 
395 8598.0
 
396 10575.0
 
397 7447.0
 
398 10019.0
 
399 7447.0
 
400 10218.0
 
401 8598.0
 
402 10218.0
 
403 10529.0
 
404 6469.0
 
405 10431.0
 
406 6896.0
 
407 8004.0
 
408 6896.0
 
409 9184.0
 
410 6896.0
 
411 10388.0
 
412 7937.0
 
413 9629.0
 
414 6464.0
 
415 9231.0
 
416 6464.0
 
417 6227.0
 
418 6464.0
 
419 6227.0
 
420 6464.0
 
421 9231.0
 
422 6464.0
 
423 8786.0
 
424 6464.0
 
425 8635.0
 
426 6464.0
 
427 8635.0
 
428 6464.0
 
429 8635.0
 
430 6464.0
 
431 8635.0
 
432 6464.0
 
433 8635.0
 
434 7066.0
 
435 7827.0
 
436 7066.0
 
437 7827.0
 
438 7066.0
 
439 7827.0
 
440 8718.0
 
441 7714.0
 
442 9007.0
 
443 7827.0
 
444 7714.0
 
445 7827.0
 
446 7270.0
 
447 7827.0
 
448 7638.0
 
449 7827.0
 
0 8328.0
 
1 8989.0
 
2 8328.0
 
3 9817.0
 
4 9251.0
 
5 9817.0
 
6 10131.0
 
7 9355.0
 
8 9194.0
 
9 10155.0
 
10 9546.0
 
11 10155.0
 
12 10466.0
 
13 10155.0
 
14 10466.0
 
15 10155.0
 
16 8469.0
 
17 10155.0
 
18 8469.0
 
19 6530.0
 
20 8163.0
 
21 6530.0
 
22 8163.0
 
23 6530.0
 
24 8643.0
 
25 6630.0
 
26 8643.0
 
27 6630.0
 
28 8643.0
 
29 6630.0
 
30 10287.0
 
31 6630.0
 
32 8168.0
 
33 6630.0
 
34 8168.0
 
35 6630.0
 
36 7346.0
 
37 6630.0
 
38 7346.0
 
39 6630.0
 
40 7346.0
 
41 6630.0
 
42 10287.0
 
43 4994.0
 
44 8020.0
 
45 10332.0
 
46 8020.0
 
47 7954.0
 
48 7708.0
 
49 7954.0
 
50 7708.0
 
51 7954.0
 
52 8460.0
 
53 7954.0
 
54 8460.0
 
55 7985.0
 
56 9844.0
 
57 10231.0
 
58 10496.0
 
59 10126.0
 
60 11067.0
 
61 8218.0
 
62 9504.0
 
63 7220.0
 
64 9821.0
 
65 8218.0
 
66 9198.0
 
67 8218.0
 
68 10068.0
 
69 9727.0
 
70 9198.0
 
71 9727.0
 
72 9198.0
 
73 9198.0
 
74 8781.0
 
75 7534.0
 
76 9123.0
 
77 7534.0
 
78 8883.0
 
79 7534.0
 
80 8883.0
 
81 7534.0
 
82 8102.0
 
83 7902.0
 
84 8102.0
 
85 7902.0
 
86 9123.0
 
87 8667.0
 
88 7194.0
 
89 8594.0
 
90 7194.0
 
91 7507.0
 
92 9907.0
 
93 8594.0
 
94 8612.0
 
95 8594.0
 
96 8612.0
 
97 8594.0
 
98 9907.0
 
99 8991.0
 
100 7906.0
 
101 8765.0
 
102 7906.0
 
103 8765.0
 
104 8803.0
 
105 8765.0
 
106 6896.0
 
107 8765.0
 
108 6896.0
 
109 8765.0
 
110 9863.0
 
111 8991.0
 
112 8532.0
 
113 8524.0
 
114 8532.0
 
115 8524.0
 
116 6995.0
 
117 8991.0
 
118 8496.0
 
119 8991.0
 
120 9007.0
 
121 8991.0
 
122 9007.0
 
123 8991.0
 
124 9007.0
 
125 8991.0
 
126 9007.0
 
127 8991.0
 
128 8842.0
 
129 7009.0
 
130 7009.0
 
131 8991.0
 
132 7009.0
 
133 10089.0
 
134 7009.0
 
135 10089.0
 
136 7009.0
 
137 7210.0
 
138 9517.0
 
139 9903.0
 
140 6633.0
 
141 9903.0
 
142 5811.0
 
143 8393.0
 
144 5811.0
 
145 8393.0
 
146 5811.0
 
147 8393.0
 
148 5811.0
 
149 8393.0
 
150 5811.0
 
151 8393.0
 
152 5811.0
 
153 8384.0
 
154 7872.0
 
155 8384.0
 
156 7872.0
 
157 8384.0
 
158 7872.0
 
159 8384.0
 
160 7872.0
 
161 8384.0
 
162 7693.0
 
163 8384.0
 
164 7693.0
 
165 8402.0
 
166 10492.0
 
167 8487.0
 
168 10492.0
 
169 8157.0
 
170 10492.0
 
171 8487.0
 
172 10492.0
 
173 8487.0
 
174 10074.0
 
175 8487.0
 
176 10074.0
 
177 9018.0
 
178 9136.0
 
179 9018.0
 
180 7957.0
 
181 11457.0
 
182 7957.0
 
183 10163.0
 
184 7957.0
 
185 8319.0
 
186 7957.0
 
187 8319.0
 
188 10050.0
 
189 9159.0
 
190 7595.0
 
191 6047.0
 
192 9009.0
 
193 8319.0
 
194 9009.0
 
195 8319.0
 
196 9009.0
 
197 4762.0
 
198 10691.0
 
199 4762.0
 
200 7383.0
 
201 4762.0
 
202 9282.0
 
203 4762.0
 
204 9282.0
 
205 4762.0
 
206 8563.0
 
207 4762.0
 
208 8563.0
 
209 4762.0
 
210 8681.0
 
211 4762.0
 
212 8681.0
 
213 4762.0
 
214 9900.0
 
215 4762.0
 
216 9900.0
 
217 7418.0
 
218 9900.0
 
219 7418.0
 
220 9900.0
 
221 7418.0
 
222 10352.0
 
223 6536.0
 
224 6931.0
 
225 6536.0
 
226 6931.0
 
227 6536.0
 
228 7715.0
 
229 8765.0
 
230 8224.0
 
231 8765.0
 
232 8224.0
 
233 8765.0
 
234 8697.0
 
235 6846.0
 
236 8697.0
 
237 8619.0
 
238 8697.0
 
239 8516.0
 
240 7613.0
 
241 8516.0
 
242 8765.0
 
243 8516.0
 
244 7481.0
 
245 9777.0
 
246 7481.0
 
247 7499.0
 
248 6474.0
 
249 6285.0
 
250 6474.0
 
251 7499.0
 
252 6474.0
 
253 7499.0
 
254 6474.0
 
255 7499.0
 
256 7252.0
 
257 7499.0
 
258 7252.0
 
259 7499.0
 
260 7252.0
 
261 8381.0
 
262 7252.0
 
263 8381.0
 
264 7252.0
 
265 8401.0
 
266 7252.0
 
267 8401.0
 
268 7132.0
 
269 9075.0
 
270 7132.0
 
271 7493.0
 
272 7132.0
 
273 7493.0
 
274 9197.0
 
275 10086.0
 
276 9197.0
 
277 8486.0
 
278 7840.0
 
279 8486.0
 
280 7840.0
 
281 8486.0
 
282 9565.0
 
283 10860.0
 
284 7323.0
 
285 10259.0
 
286 9343.0
 
287 7887.0
 
288 9343.0
 
289 7887.0
 
290 9522.0
 
291 7887.0
 
292 7863.0
 
293 7887.0
 
294 8878.0
 
295 7887.0
 
296 8878.0
 
297 8198.0
 
298 8878.0
 
299 8828.0
 
300 8878.0
 
301 8828.0
 
302 8878.0
 
303 8311.0
 
304 8878.0
 
305 8311.0
 
306 8878.0
 
307 6706.0
 
308 8405.0
 
309 6706.0
 
310 5861.0
 
311 9114.0
 
312 8405.0
 
313 9340.0
 
314 8405.0
 
315 7907.0
 
316 9114.0
 
317 7907.0
 
318 9114.0
 
319 7907.0
 
320 6522.0
 
321 7907.0
 
322 6522.0
 
323 7907.0
 
324 6522.0
 
325 8583.0
 
326 6522.0
 
327 8583.0
 
328 6522.0
 
329 8583.0
 
330 6833.0
 
331 8583.0
 
332 6833.0
 
333 8583.0
 
334 6833.0
 
335 8671.0
 
336 6833.0
 
337 8671.0
 
338 7537.0
 
339 8671.0
 
340 7408.0
 
341 9776.0
 
342 7408.0
 
343 9308.0
 
344 7461.0
 
345 5917.0
 
346 7021.0
 
347 5917.0
 
348 7021.0
 
349 8011.0
 
350 7021.0
 
351 8011.0
 
352 7021.0
 
353 8011.0
 
354 6389.0
 
355 6506.0
 
356 8328.0
 
357 6506.0
 
358 7898.0
 
359 6506.0
 
360 7778.0
 
361 6506.0
 
362 7898.0
 
363 8445.0
 
364 7898.0
 
365 8445.0
 
366 7118.0
 
367 6959.0
 
368 9082.0
 
369 6959.0
 
370 8587.0
 
371 9563.0
 
372 8587.0
 
373 9563.0
 
374 8587.0
 
375 9563.0
 
376 4910.0
 
377 6959.0
 
378 4910.0
 
379 6959.0
 
380 8615.0
 
381 9327.0
 
382 8615.0
 
383 8950.0
 
384 7109.0
 
385 8442.0
 
386 7109.0
 
387 8442.0
 
388 8551.0
 
389 8442.0
 
390 10024.0
 
391 8463.0
 
392 8623.0
 
393 8463.0
 
394 8352.0
 
395 8463.0
 
396 7504.0
 
397 7887.0
 
398 7504.0
 
399 7887.0
 
400 7504.0
 
401 7887.0
 
402 7504.0
 
403 7887.0
 
404 7505.0
 
405 7887.0
 
406 7505.0
 
407 7887.0
 
408 7678.0
 
409 7887.0
 
410 7678.0
 
411 7887.0
 
412 7678.0
 
413 8279.0
 
414 7678.0
 
415 8189.0
 
416 7437.0
 
417 8189.0
 
418 7437.0
 
419 8721.0
 
420 7437.0
 
421 9405.0
 
422 6966.0
 
423 9405.0
 
424 6966.0
 
425 9451.0
 
426 7853.0
 
427 7449.0
 
428 7853.0
 
429 9109.0
 
430 8467.0
 
431 9109.0
 
432 10567.0
 
433 9109.0
 
434 10567.0
 
435 9109.0
 
436 6541.0
 
437 10408.0
 
438 6541.0
 
439 10408.0
 
440 6541.0
 
441 7656.0
 
442 6541.0
 
443 9001.0
 
444 6541.0
 
445 9001.0
 
446 6541.0
 
447 9001.0
 
448 6541.0
 
449 6232.0
 
0 7986.0
 
1 6101.0
 
2 7986.0
 
3 6101.0
 
4 10335.0
 
5 9225.0
 
6 9427.0
 
7 9503.0
 
8 9427.0
 
9 9797.0
 
10 9427.0
 
11 9797.0
 
12 7021.0
 
13 8082.0
 
14 7021.0
 
15 7189.0
 
16 10628.0
 
17 7189.0
 
18 10246.0
 
19 7189.0
 
20 10186.0
 
21 7189.0
 
22 9042.0
 
23 7189.0
 
24 9042.0
 
25 7189.0
 
26 7021.0
 
27 9686.0
 
28 7021.0
 
29 11396.0
 
30 7388.0
 
31 7021.0
 
32 7388.0
 
33 7021.0
 
34 8171.0
 
35 7021.0
 
36 8171.0
 
37 7021.0
 
38 10444.0
 
39 7021.0
 
40 9709.0
 
41 8659.0
 
42 7021.0
 
43 9021.0
 
44 8320.0
 
45 9501.0
 
46 8530.0
 
47 9312.0
 
48 8704.0
 
49 9312.0
 
50 8345.0
 
51 7145.0
 
52 8345.0
 
53 7145.0
 
54 6704.0
 
55 7145.0
 
56 6704.0
 
57 10208.0
 
58 6704.0
 
59 10208.0
 
60 10019.0
 
61 8578.0
 
62 10019.0
 
63 7898.0
 
64 10019.0
 
65 7898.0
 
66 8379.0
 
67 5835.0
 
68 8354.0
 
69 7192.0
 
70 6592.0
 
71 8977.0
 
72 6592.0
 
73 10335.0
 
74 6592.0
 
75 10335.0
 
76 6592.0
 
77 11329.0
 
78 9112.0
 
79 9251.0
 
80 9112.0
 
81 8341.0
 
82 9112.0
 
83 7796.0
 
84 9638.0
 
85 7732.0
 
86 9638.0
 
87 7732.0
 
88 9903.0
 
89 8341.0
 
90 9011.0
 
91 8354.0
 
92 8726.0
 
93 8354.0
 
94 8726.0
 
95 8354.0
 
96 9517.0
 
97 8354.0
 
98 9517.0
 
99 8354.0
 
100 9903.0
 
101 10037.0
 
102 10157.0
 
103 10037.0
 
104 10420.0
 
105 7229.0
 
106 10420.0
 
107 7229.0
 
108 8841.0
 
109 7229.0
 
110 8291.0
 
111 7229.0
 
112 8291.0
 
113 7229.0
 
114 8450.0
 
115 7229.0
 
116 8450.0
 
117 7229.0
 
118 7802.0
 
119 7229.0
 
120 8450.0
 
121 7229.0
 
122 11204.0
 
123 7881.0
 
124 7791.0
 
125 7881.0
 
126 7791.0
 
127 6639.0
 
128 7791.0
 
129 6639.0
 
130 7791.0
 
131 6639.0
 
132 7791.0
 
133 6639.0
 
134 7791.0
 
135 7881.0
 
136 7791.0
 
137 7881.0
 
138 7791.0
 
139 7881.0
 
140 7791.0
 
141 10740.0
 
142 7791.0
 
143 9823.0
 
144 7791.0
 
145 9823.0
 
146 7791.0
 
147 9823.0
 
148 7791.0
 
149 9253.0
 
150 7685.0
 
151 9129.0
 
152 7685.0
 
153 6087.0
 
154 7685.0
 
155 6087.0
 
156 7691.0
 
157 7468.0
 
158 9373.0
 
159 7468.0
 
160 9373.0
 
161 7468.0
 
162 10101.0
 
163 7468.0
 
164 10072.0
 
165 7468.0
 
166 8764.0
 
167 7468.0
 
168 8764.0
 
169 7028.0
 
170 9897.0
 
171 7028.0
 
172 7054.0
 
173 7468.0
 
174 7054.0
 
175 7468.0
 
176 8313.0
 
177 7468.0
 
178 8313.0
 
179 7468.0
 
180 6390.0
 
181 7468.0
 
182 6390.0
 
183 7468.0
 
184 6390.0
 
185 7468.0
 
186 6390.0
 
187 9247.0
 
188 7819.0
 
189 9452.0
 
190 7592.0
 
191 9452.0
 
192 7592.0
 
193 9362.0
 
194 8990.0
 
195 8691.0
 
196 8990.0
 
197 8691.0
 
198 8990.0
 
199 8691.0
 
200 7325.0
 
201 8691.0
 
202 5493.0
 
203 4978.0
 
204 7819.0
 
205 4978.0
 
206 6309.0
 
207 4978.0
 
208 6309.0
 
209 4978.0
 
210 6309.0
 
211 7252.0
 
212 6309.0
 
213 7252.0
 
214 8244.0
 
215 7252.0
 
216 8244.0
 
217 9153.0
 
218 10247.0
 
219 7831.0
 
220 10247.0
 
221 7831.0
 
222 7831.0
 
223 7831.0
 
224 9126.0
 
225 7831.0
 
226 7684.0
 
227 8946.0
 
228 7684.0
 
229 7150.0
 
230 5561.0
 
231 8503.0
 
232 5561.0
 
233 8503.0
 
234 5561.0
 
235 7721.0
 
236 7684.0
 
237 7721.0
 
238 7684.0
 
239 7721.0
 
240 7331.0
 
241 7721.0
 
242 10781.0
 
243 8144.0
 
244 8631.0
 
245 7436.0
 
246 8631.0
 
247 8927.0
 
248 8631.0
 
249 8927.0
 
250 8631.0
 
251 8927.0
 
252 8631.0
 
253 10049.0
 
254 8631.0
 
255 10049.0
 
256 8631.0
 
257 9277.0
 
258 8598.0
 
259 10780.0
 
260 8631.0
 
261 9569.0
 
262 8495.0
 
263 9285.0
 
264 8495.0
 
265 9285.0
 
266 8631.0
 
267 9285.0
 
268 7978.0
 
269 8979.0
 
270 11006.0
 
271 8979.0
 
272 11761.0
 
273 8979.0
 
274 11939.0
 
275 9121.0
 
276 10705.0
 
277 7230.0
 
278 9975.0
 
279 7230.0
 
280 9398.0
 
281 9121.0
 
282 8085.0
 
283 8672.0
 
284 8085.0
 
285 9121.0
 
286 8085.0
 
287 8962.0
 
288 8085.0
 
289 11541.0
 
290 8085.0
 
291 10577.0
 
292 9015.0
 
293 11248.0
 
294 9015.0
 
295 10910.0
 
296 9015.0
 
297 7156.0
 
298 7674.0
 
299 8214.0
 
300 9398.0
 
301 8214.0
 
302 10910.0
 
303 6745.0
 
304 11477.0
 
305 6745.0
 
306 11477.0
 
307 6745.0
 
308 9011.0
 
309 6745.0
 
310 10124.0
 
311 6641.0
 
312 10124.0
 
313 6641.0
 
314 9305.0
 
315 6641.0
 
316 9305.0
 
317 9831.0
 
318 9405.0
 
319 9831.0
 
320 9058.0
 
321 10093.0
 
322 9058.0
 
323 9207.0
 
324 7574.0
 
325 7422.0
 
326 7574.0
 
327 8514.0
 
328 9363.0
 
329 7924.0
 
330 10517.0
 
331 7924.0
 
332 10517.0
 
333 7846.0
 
334 9459.0
 
335 7846.0
 
336 9459.0
 
337 7635.0
 
338 9263.0
 
339 7635.0
 
340 9263.0
 
341 8704.0
 
342 9581.0
 
343 8704.0
 
344 10157.0
 
345 8950.0
 
346 9406.0
 
347 8062.0
 
348 9406.0
 
349 8206.0
 
350 9406.0
 
351 8206.0
 
352 9406.0
 
353 9248.0
 
354 8129.0
 
355 9248.0
 
356 7949.0
 
357 9248.0
 
358 7949.0
 
359 7573.0
 
360 7949.0
 
361 7573.0
 
362 9406.0
 
363 8852.0
 
364 9019.0
 
365 6275.0
 
366 8756.0
 
367 6275.0
 
368 7270.0
 
369 9007.0
 
370 7270.0
 
371 5684.0
 
372 9406.0
 
373 5684.0
 
374 9056.0
 
375 5684.0
 
376 9056.0
 
377 5684.0
 
378 8320.0
 
379 5684.0
 
380 8320.0
 
381 5684.0
 
382 8026.0
 
383 7959.0
 
384 8370.0
 
385 7959.0
 
386 9901.0
 
387 7959.0
 
388 8654.0
 
389 5690.0
 
390 7491.0
 
391 5690.0
 
392 7896.0
 
393 5690.0
 
394 7896.0
 
395 5690.0
 
396 9324.0
 
397 5690.0
 
398 9324.0
 
399 8352.0
 
400 8145.0
 
401 8352.0
 
402 8145.0
 
403 9268.0
 
404 8145.0
 
405 9268.0
 
406 7134.0
 
407 6768.0
 
408 9653.0
 
409 6768.0
 
410 9653.0
 
411 9268.0
 
412 11537.0
 
413 9268.0
 
414 9469.0
 
415 9268.0
 
416 8174.0
 
417 9210.0
 
418 10180.0
 
419 10137.0
 
420 8552.0
 
421 10381.0
 
422 5628.0
 
423 11140.0
 
424 5628.0
 
425 8511.0
 
426 5628.0
 
427 8511.0
 
428 5628.0
 
429 8511.0
 
430 8334.0
 
431 6701.0
 
432 8334.0
 
433 9547.0
 
434 8334.0
 
435 7824.0
 
436 8334.0
 
437 7824.0
 
438 8334.0
 
439 9851.0
 
440 8469.0
 
441 9155.0
 
442 8469.0
 
443 9040.0
 
444 8469.0
 
445 9040.0
 
446 7431.0
 
447 9040.0
 
448 7431.0
 
449 9040.0
 
0 8705.0
 
1 5925.0
 
2 8705.0
 
3 5925.0
 
4 8705.0
 
5 5925.0
 
6 8694.0
 
7 8876.0
 
8 8694.0
 
9 9175.0
 
10 6733.0
 
11 8262.0
 
12 6733.0
 
13 8262.0
 
14 6733.0
 
15 6341.0
 
16 6733.0
 
17 6341.0
 
18 9048.0
 
19 6993.0
 
20 9673.0
 
21 6993.0
 
22 10269.0
 
23 6885.0
 
24 11341.0
 
25 8279.0
 
26 11326.0
 
27 8279.0
 
28 8763.0
 
29 8279.0
 
30 8344.0
 
31 6034.0
 
32 6954.0
 
33 6034.0
 
34 6954.0
 
35 9022.0
 
36 6954.0
 
37 7242.0
 
38 6954.0
 
39 7242.0
 
40 6954.0
 
41 7242.0
 
42 6954.0
 
43 7242.0
 
44 6080.0
 
45 7242.0
 
46 9063.0
 
47 7242.0
 
48 9063.0
 
49 7242.0
 
50 9063.0
 
51 7242.0
 
52 9126.0
 
53 7242.0
 
54 8833.0
 
55 7214.0
 
56 9126.0
 
57 7214.0
 
58 9126.0
 
59 7284.0
 
60 9716.0
 
61 7697.0
 
62 9716.0
 
63 10488.0
 
64 9804.0
 
65 6995.0
 
66 9984.0
 
67 10987.0
 
68 8734.0
 
69 9563.0
 
70 8331.0
 
71 11579.0
 
72 8331.0
 
73 6702.0
 
74 9802.0
 
75 6702.0
 
76 8594.0
 
77 10927.0
 
78 10528.0
 
79 8894.0
 
80 10528.0
 
81 8894.0
 
82 8592.0
 
83 10782.0
 
84 10156.0
 
85 10782.0
 
86 8236.0
 
87 8212.0
 
88 8236.0
 
89 8212.0
 
90 8236.0
 
91 8212.0
 
92 8236.0
 
93 6174.0
 
94 8236.0
 
95 8212.0
 
96 7676.0
 
97 9236.0
 
98 7676.0
 
99 9236.0
 
100 5623.0
 
101 6382.0
 
102 5623.0
 
103 9244.0
 
104 7344.0
 
105 9244.0
 
106 7344.0
 
107 6382.0
 
108 7522.0
 
109 6382.0
 
110 7053.0
 
111 8478.0
 
112 7053.0
 
113 8478.0
 
114 7053.0
 
115 8478.0
 
116 8375.0
 
117 9814.0
 
118 5498.0
 
119 7504.0
 
120 10571.0
 
121 7504.0
 
122 9098.0
 
123 8456.0
 
124 9098.0
 
125 7122.0
 
126 10204.0
 
127 7122.0
 
128 10204.0
 
129 7122.0
 
130 6961.0
 
131 7881.0
 
132 9240.0
 
133 7491.0
 
134 8886.0
 
135 7491.0
 
136 7590.0
 
137 7491.0
 
138 7590.0
 
139 9832.0
 
140 7590.0
 
141 9832.0
 
142 7590.0
 
143 10188.0
 
144 9011.0
 
145 8048.0
 
146 9506.0
 
147 8929.0
 
148 9506.0
 
149 8929.0
 
150 7586.0
 
151 6825.0
 
152 5058.0
 
153 8929.0
 
154 5058.0
 
155 10369.0
 
156 5058.0
 
157 10072.0
 
158 7586.0
 
159 9827.0
 
160 7586.0
 
161 9827.0
 
162 7586.0
 
163 8184.0
 
164 7586.0
 
165 8184.0
 
166 7586.0
 
167 7325.0
 
168 7925.0
 
169 7325.0
 
170 7925.0
 
171 7325.0
 
172 7925.0
 
173 9074.0
 
174 7925.0
 
175 9987.0
 
176 7925.0
 
177 10404.0
 
178 6761.0
 
179 8427.0
 
180 6761.0
 
181 8427.0
 
182 6761.0
 
183 8427.0
 
184 6761.0
 
185 8427.0
 
186 7262.0
 
187 7901.0
 
188 7262.0
 
189 7901.0
 
190 7262.0
 
191 7901.0
 
192 7262.0
 
193 7047.0
 
194 7262.0
 
195 7047.0
 
196 6629.0
 
197 7047.0
 
198 6629.0
 
199 7047.0
 
200 6629.0
 
201 10635.0
 
202 6861.0
 
203 7918.0
 
204 7058.0
 
205 7918.0
 
206 8747.0
 
207 8430.0
 
208 9970.0
 
209 6556.0
 
210 10921.0
 
211 7323.0
 
212 11343.0
 
213 7323.0
 
214 11927.0
 
215 6986.0
 
216 8849.0
 
217 6986.0
 
218 8849.0
 
219 8139.0
 
220 9239.0
 
221 7326.0
 
222 8310.0
 
223 7326.0
 
224 8310.0
 
225 7318.0
 
226 8310.0
 
227 7318.0
 
228 9463.0
 
229 7318.0
 
230 6419.0
 
231 7318.0
 
232 6419.0
 
233 7318.0
 
234 9659.0
 
235 7318.0
 
236 7484.0
 
237 8487.0
 
238 7484.0
 
239 8487.0
 
240 9093.0
 
241 9090.0
 
242 8474.0
 
243 11303.0
 
244 7496.0
 
245 11190.0
 
246 7496.0
 
247 11147.0
 
248 9044.0
 
249 13190.0
 
250 9044.0
 
251 9817.0
 
252 9044.0
 
253 8180.0
 
254 9090.0
 
255 8180.0
 
256 9090.0
 
257 8180.0
 
258 9470.0
 
259 7742.0
 
260 7009.0
 
261 7605.0
 
262 7009.0
 
263 5428.0
 
264 7894.0
 
265 9838.0
 
266 7520.0
 
267 10636.0
 
268 7894.0
 
269 10393.0
 
270 7894.0
 
271 10657.0
 
272 9444.0
 
273 8988.0
 
274 9470.0
 
275 10557.0
 
276 8879.0
 
277 9145.0
 
278 9470.0
 
279 10594.0
 
280 8422.0
 
281 10659.0
 
282 8696.0
 
283 10948.0
 
284 9470.0
 
285 7023.0
 
286 8383.0
 
287 7023.0
 
288 8383.0
 
289 7023.0
 
290 9831.0
 
291 7023.0
 
292 11406.0
 
293 7023.0
 
294 11406.0
 
295 8168.0
 
296 9831.0
 
297 8168.0
 
298 9305.0
 
299 8186.0
 
300 9305.0
 
301 8186.0
 
302 9305.0
 
303 9200.0
 
304 9551.0
 
305 9336.0
 
306 9200.0
 
307 9408.0
 
308 9200.0
 
309 8367.0
 
310 8794.0
 
311 9075.0
 
312 7162.0
 
313 9075.0
 
314 9336.0
 
315 9139.0
 
316 10069.0
 
317 9139.0
 
318 10069.0
 
319 6322.0
 
320 8033.0
 
321 6322.0
 
322 8033.0
 
323 6322.0
 
324 8033.0
 
325 6322.0
 
326 8033.0
 
327 8886.0
 
328 9106.0
 
329 8886.0
 
330 9850.0
 
331 7515.0
 
332 9850.0
 
333 7515.0
 
334 8914.0
 
335 8950.0
 
336 7043.0
 
337 8950.0
 
338 8372.0
 
339 8743.0
 
340 8372.0
 
341 7454.0
 
342 9578.0
 
343 8635.0
 
344 7644.0
 
345 8827.0
 
346 9798.0
 
347 8450.0
 
348 9798.0
 
349 8450.0
 
350 7489.0
 
351 8728.0
 
352 7786.0
 
353 9978.0
 
354 7786.0
 
355 9950.0
 
356 7786.0
 
357 9732.0
 
358 7786.0
 
359 9732.0
 
360 8121.0
 
361 8123.0
 
362 9564.0
 
363 8123.0
 
364 10039.0
 
365 8123.0
 
366 10039.0
 
367 8377.0
 
368 10039.0
 
369 7817.0
 
370 10953.0
 
371 7817.0
 
372 9434.0
 
373 7817.0
 
374 8872.0
 
375 7817.0
 
376 9919.0
 
377 8143.0
 
378 10802.0
 
379 6002.0
 
380 11993.0
 
381 6002.0
 
382 10636.0
 
383 6002.0
 
384 9674.0
 
385 6002.0
 
386 9674.0
 
387 6002.0
 
388 9674.0
 
389 8405.0
 
390 7923.0
 
391 8405.0
 
392 7923.0
 
393 8405.0
 
394 10420.0
 
395 9328.0
 
396 9790.0
 
397 9328.0
 
398 6180.0
 
399 7994.0
 
400 6180.0
 
401 6963.0
 
402 6180.0
 
403 6963.0
 
404 6180.0
 
405 6463.0
 
406 6180.0
 
407 5993.0
 
408 6180.0
 
409 5993.0
 
410 6180.0
 
411 5993.0
 
412 6180.0
 
413 5993.0
 
414 8890.0
 
415 6463.0
 
416 7596.0
 
417 6463.0
 
418 7596.0
 
419 6463.0
 
420 7596.0
 
421 6463.0
 
422 8308.0
 
423 6463.0
 
424 8987.0
 
425 6463.0
 
426 8987.0
 
427 8405.0
 
428 9227.0
 
429 10178.0
 
430 9227.0
 
431 6210.0
 
432 9227.0
 
433 10178.0
 
434 9119.0
 
435 8819.0
 
436 9651.0
 
437 8819.0
 
438 11864.0
 
439 8819.0
 
440 11411.0
 
441 8790.0
 
442 10761.0
 
443 9453.0
 
444 10761.0
 
445 10603.0
 
446 7730.0
 
447 10603.0
 
448 6809.0
 
449 10355.0
 
0 8527.0
 
1 7842.0
 
2 8527.0
 
3 7671.0
 
4 8230.0
 
5 7671.0
 
6 9088.0
 
7 7671.0
 
8 7621.0
 
9 7671.0
 
10 9065.0
 
11 7671.0
 
12 9065.0
 
13 7671.0
 
14 9065.0
 
15 7671.0
 
16 9852.0
 
17 5798.0
 
18 9852.0
 
19 5798.0
 
20 9421.0
 
21 5798.0
 
22 9421.0
 
23 5798.0
 
24 9421.0
 
25 5798.0
 
26 9813.0
 
27 8252.0
 
28 8522.0
 
29 6966.0
 
30 9813.0
 
31 6966.0
 
32 10298.0
 
33 6966.0
 
34 10298.0
 
35 8999.0
 
36 9609.0
 
37 7699.0
 
38 8609.0
 
39 7699.0
 
40 7699.0
 
41 7432.0
 
42 7825.0
 
43 7432.0
 
44 7432.0
 
45 8744.0
 
46 7432.0
 
47 7287.0
 
48 8338.0
 
49 7287.0
 
50 9195.0
 
51 9177.0
 
52 9195.0
 
53 9177.0
 
54 9177.0
 
55 9832.0
 
56 9544.0
 
57 5616.0
 
58 9544.0
 
59 5616.0
 
60 9123.0
 
61 5616.0
 
62 9246.0
 
63 5616.0
 
64 9544.0
 
65 8338.0
 
66 9544.0
 
67 9653.0
 
68 4627.0
 
69 8497.0
 
70 4627.0
 
71 8497.0
 
72 4627.0
 
73 8594.0
 
74 8278.0
 
75 8594.0
 
76 8278.0
 
77 8594.0
 
78 8278.0
 
79 8234.0
 
80 8278.0
 
81 8234.0
 
82 8278.0
 
83 8594.0
 
84 7481.0
 
85 8594.0
 
86 7481.0
 
87 8594.0
 
88 7481.0
 
89 9605.0
 
90 10533.0
 
91 9605.0
 
92 8779.0
 
93 9585.0
 
94 8779.0
 
95 7509.0
 
96 9852.0
 
97 7509.0
 
98 6870.0
 
99 7509.0
 
100 6870.0
 
101 6933.0
 
102 6870.0
 
103 7638.0
 
104 6870.0
 
105 6613.0
 
106 6870.0
 
107 6613.0
 
108 6870.0
 
109 6613.0
 
110 6870.0
 
111 6613.0
 
112 6870.0
 
113 6236.0
 
114 7689.0
 
115 6236.0
 
116 7689.0
 
117 6236.0
 
118 7689.0
 
119 6236.0
 
120 7689.0
 
121 6320.0
 
122 9293.0
 
123 6361.0
 
124 9293.0
 
125 6361.0
 
126 9258.0
 
127 6361.0
 
128 8677.0
 
129 6361.0
 
130 7890.0
 
131 6361.0
 
132 7890.0
 
133 6361.0
 
134 8677.0
 
135 10028.0
 
136 9049.0
 
137 10028.0
 
138 8555.0
 
139 7391.0
 
140 7869.0
 
141 9540.0
 
142 8555.0
 
143 9168.0
 
144 8640.0
 
145 6993.0
 
146 8640.0
 
147 8052.0
 
148 8640.0
 
149 8674.0
 
150 6547.0
 
151 8674.0
 
152 9559.0
 
153 8674.0
 
154 8219.0
 
155 8674.0
 
156 7344.0
 
157 8674.0
 
158 8219.0
 
159 8581.0
 
160 8219.0
 
161 7266.0
 
162 9247.0
 
163 7266.0
 
164 9960.0
 
165 7266.0
 
166 10117.0
 
167 7266.0
 
168 7891.0
 
169 7429.0
 
170 7891.0
 
171 7429.0
 
172 7891.0
 
173 7429.0
 
174 6749.0
 
175 7429.0
 
176 6749.0
 
177 9524.0
 
178 7891.0
 
179 8369.0
 
180 7891.0
 
181 10428.0
 
182 7891.0
 
183 8470.0
 
184 9645.0
 
185 8147.0
 
186 9645.0
 
187 8147.0
 
188 9645.0
 
189 6970.0
 
190 8978.0
 
191 6970.0
 
192 7951.0
 
193 6970.0
 
194 7951.0
 
195 6970.0
 
196 7874.0
 
197 8277.0
 
198 10128.0
 
199 8277.0
 
200 10128.0
 
201 8591.0
 
202 10128.0
 
203 8591.0
 
204 10128.0
 
205 6303.0
 
206 8970.0
 
207 6303.0
 
208 9475.0
 
209 8591.0
 
210 9475.0
 
211 8591.0
 
212 9572.0
 
213 8591.0
 
214 9363.0
 
215 8591.0
 
216 9363.0
 
217 10720.0
 
218 10463.0
 
219 8865.0
 
220 9050.0
 
221 7913.0
 
222 8940.0
 
223 7913.0
 
224 8005.0
 
225 7913.0
 
226 8005.0
 
227 9690.0
 
228 8005.0
 
229 9690.0
 
230 8005.0
 
231 9690.0
 
232 8005.0
 
233 9690.0
 
234 8005.0
 
235 8376.0
 
236 8005.0
 
237 9690.0
 
238 8005.0
 
239 9243.0
 
240 8005.0
 
241 9690.0
 
242 8005.0
 
243 9690.0
 
244 8005.0
 
245 9690.0
 
246 6708.0
 
247 9690.0
 
248 8005.0
 
249 10171.0
 
250 8005.0
 
251 9788.0
 
252 7667.0
 
253 9788.0
 
254 7667.0
 
255 9788.0
 
256 7667.0
 
257 9788.0
 
258 7667.0
 
259 9788.0
 
260 7913.0
 
261 8352.0
 
262 7913.0
 
263 8352.0
 
264 8036.0
 
265 9629.0
 
266 7913.0
 
267 8303.0
 
268 8621.0
 
269 8303.0
 
270 8274.0
 
271 9629.0
 
272 8274.0
 
273 8586.0
 
274 8274.0
 
275 8586.0
 
276 8274.0
 
277 9790.0
 
278 7830.0
 
279 9790.0
 
280 5308.0
 
281 7368.0
 
282 8274.0
 
283 7368.0
 
284 8274.0
 
285 9790.0
 
286 10023.0
 
287 9790.0
 
288 10023.0
 
289 10431.0
 
290 9708.0
 
291 11420.0
 
292 9497.0
 
293 11420.0
 
294 10023.0
 
295 6388.0
 
296 10023.0
 
297 7538.0
 
298 10012.0
 
299 7538.0
 
300 7147.0
 
301 9650.0
 
302 7147.0
 
303 9464.0
 
304 7147.0
 
305 9263.0
 
306 7147.0
 
307 9688.0
 
308 7147.0
 
309 6716.0
 
310 6316.0
 
311 6716.0
 
312 6316.0
 
313 8552.0
 
314 9356.0
 
315 8552.0
 
316 7286.0
 
317 7028.0
 
318 8141.0
 
319 8552.0
 
320 8141.0
 
321 8552.0
 
322 8141.0
 
323 5726.0
 
324 9356.0
 
325 6300.0
 
326 9356.0
 
327 7028.0
 
328 6734.0
 
329 8761.0
 
330 6734.0
 
331 9023.0
 
332 6734.0
 
333 7781.0
 
334 11047.0
 
335 9023.0
 
336 11047.0
 
337 10347.0
 
338 7835.0
 
339 10347.0
 
340 7835.0
 
341 10347.0
 
342 7835.0
 
343 9901.0
 
344 7835.0
 
345 9901.0
 
346 7835.0
 
347 7684.0
 
348 7804.0
 
349 7684.0
 
350 8764.0
 
351 7684.0
 
352 8764.0
 
353 7684.0
 
354 6700.0
 
355 7684.0
 
356 7070.0
 
357 7684.0
 
358 9186.0
 
359 7684.0
 
360 9186.0
 
361 7684.0
 
362 8580.0
 
363 7793.0
 
364 8580.0
 
365 7793.0
 
366 7901.0
 
367 7793.0
 
368 7901.0
 
369 7860.0
 
370 8185.0
 
371 7860.0
 
372 8185.0
 
373 6934.0
 
374 7289.0
 
375 6934.0
 
376 7169.0
 
377 6934.0
 
378 7169.0
 
379 9425.0
 
380 7169.0
 
381 9425.0
 
382 7289.0
 
383 8186.0
 
384 7289.0
 
385 8580.0
 
386 7289.0
 
387 7977.0
 
388 8428.0
 
389 7977.0
 
390 9928.0
 
391 7977.0
 
392 9928.0
 
393 7186.0
 
394 9315.0
 
395 7186.0
 
396 9315.0
 
397 7186.0
 
398 8988.0
 
399 7186.0
 
400 9623.0
 
401 7383.0
 
402 9112.0
 
403 7383.0
 
404 8846.0
 
405 7383.0
 
406 9112.0
 
407 7383.0
 
408 8756.0
 
409 8441.0
 
410 7817.0
 
411 6928.0
 
412 8181.0
 
413 8667.0
 
414 8365.0
 
415 8181.0
 
416 8365.0
 
417 8476.0
 
418 8365.0
 
419 8526.0
 
420 8365.0
 
421 8548.0
 
422 8384.0
 
423 8548.0
 
424 5324.0
 
425 8548.0
 
426 5324.0
 
427 8548.0
 
428 6320.0
 
429 7588.0
 
430 8373.0
 
431 7588.0
 
432 7158.0
 
433 7588.0
 
434 7158.0
 
435 9613.0
 
436 6400.0
 
437 8373.0
 
438 6400.0
 
439 9613.0
 
440 8412.0
 
441 9613.0
 
442 8412.0
 
443 10458.0
 
444 7226.0
 
445 10585.0
 
446 7226.0
 
447 10205.0
 
448 7226.0
 
449 8660.0
 
0 8424.0
 
1 9424.0
 
2 6737.0
 
3 9028.0
 
4 7656.0
 
5 9754.0
 
6 7656.0
 
7 9754.0
 
8 8424.0
 
9 7921.0
 
10 8424.0
 
11 9754.0
 
12 7303.0
 
13 9754.0
 
14 8424.0
 
15 7921.0
 
16 8424.0
 
17 6641.0
 
18 8653.0
 
19 7921.0
 
20 8653.0
 
21 9754.0
 
22 8653.0
 
23 9754.0
 
24 8653.0
 
25 5137.0
 
26 6367.0
 
27 5137.0
 
28 6367.0
 
29 7400.0
 
30 10208.0
 
31 7400.0
 
32 10208.0
 
33 7400.0
 
34 10208.0
 
35 9365.0
 
36 10305.0
 
37 9708.0
 
38 10305.0
 
39 8429.0
 
40 9611.0
 
41 8429.0
 
42 9611.0
 
43 8429.0
 
44 9611.0
 
45 8429.0
 
46 9611.0
 
47 10081.0
 
48 9280.0
 
49 10081.0
 
50 9280.0
 
51 10238.0
 
52 9280.0
 
53 10590.0
 
54 9280.0
 
55 8006.0
 
56 7368.0
 
57 8006.0
 
58 9224.0
 
59 8006.0
 
60 7082.0
 
61 7719.0
 
62 8694.0
 
63 7719.0
 
64 8694.0
 
65 9747.0
 
66 9224.0
 
67 8895.0
 
68 9436.0
 
69 8895.0
 
70 8904.0
 
71 8895.0
 
72 9436.0
 
73 8380.0
 
74 8853.0
 
75 8380.0
 
76 8853.0
 
77 7168.0
 
78 10425.0
 
79 7168.0
 
80 8507.0
 
81 7168.0
 
82 8507.0
 
83 7168.0
 
84 8507.0
 
85 7168.0
 
86 8570.0
 
87 7614.0
 
88 9564.0
 
89 7614.0
 
90 9564.0
 
91 7614.0
 
92 9564.0
 
93 6788.0
 
94 9791.0
 
95 6788.0
 
96 7501.0
 
97 8953.0
 
98 9856.0
 
99 8953.0
 
100 9856.0
 
101 8953.0
 
102 6641.0
 
103 8953.0
 
104 6641.0
 
105 11319.0
 
106 6641.0
 
107 10533.0
 
108 9009.0
 
109 8507.0
 
110 8889.0
 
111 8507.0
 
112 7156.0
 
113 8507.0
 
114 5620.0
 
115 10528.0
 
116 7156.0
 
117 9811.0
 
118 7156.0
 
119 9811.0
 
120 9032.0
 
121 9811.0
 
122 9454.0
 
123 9791.0
 
124 9454.0
 
125 9791.0
 
126 11147.0
 
127 8560.0
 
128 8560.0
 
129 9791.0
 
130 8057.0
 
131 11295.0
 
132 8057.0
 
133 8498.0
 
134 8057.0
 
135 8498.0
 
136 8057.0
 
137 8498.0
 
138 8057.0
 
139 8498.0
 
140 8057.0
 
141 8015.0
 
142 8057.0
 
143 8015.0
 
144 7842.0
 
145 7126.0
 
146 7842.0
 
147 7126.0
 
148 9439.0
 
149 7126.0
 
150 9376.0
 
151 8015.0
 
152 5914.0
 
153 8015.0
 
154 5914.0
 
155 8015.0
 
156 5914.0
 
157 8015.0
 
158 5914.0
 
159 8196.0
 
160 5914.0
 
161 8196.0
 
162 9639.0
 
163 8196.0
 
164 8600.0
 
165 7019.0
 
166 8600.0
 
167 8196.0
 
168 9578.0
 
169 8196.0
 
170 5914.0
 
171 8196.0
 
172 5914.0
 
173 8414.0
 
174 5914.0
 
175 8414.0
 
176 8545.0
 
177 8414.0
 
178 10342.0
 
179 9559.0
 
180 9041.0
 
181 7817.0
 
182 9041.0
 
183 7817.0
 
184 9041.0
 
185 7817.0
 
186 9904.0
 
187 7817.0
 
188 6380.0
 
189 7817.0
 
190 7863.0
 
191 7995.0
 
192 7863.0
 
193 7995.0
 
194 7863.0
 
195 7995.0
 
196 9649.0
 
197 8496.0
 
198 9649.0
 
199 8496.0
 
200 9649.0
 
201 8496.0
 
202 7965.0
 
203 11103.0
 
204 7965.0
 
205 9068.0
 
206 9821.0
 
207 7981.0
 
208 8575.0
 
209 7981.0
 
210 8575.0
 
211 8673.0
 
212 8575.0
 
213 9068.0
 
214 9079.0
 
215 10278.0
 
216 9079.0
 
217 10047.0
 
218 7919.0
 
219 10047.0
 
220 7919.0
 
221 10047.0
 
222 7919.0
 
223 8743.0
 
224 7919.0
 
225 7825.0
 
226 10984.0
 
227 7825.0
 
228 11705.0
 
229 7825.0
 
230 8412.0
 
231 8318.0
 
232 7864.0
 
233 6511.0
 
234 7864.0
 
235 6511.0
 
236 8155.0
 
237 6819.0
 
238 7990.0
 
239 6819.0
 
240 7386.0
 
241 6680.0
 
242 7386.0
 
243 6609.0
 
244 7386.0
 
245 6680.0
 
246 7974.0
 
247 6680.0
 
248 7519.0
 
249 6680.0
 
250 10214.0
 
251 6680.0
 
252 9575.0
 
253 6680.0
 
254 9438.0
 
255 5468.0
 
256 8162.0
 
257 5468.0
 
258 9438.0
 
259 5468.0
 
260 9438.0
 
261 5468.0
 
262 8535.0
 
263 5468.0
 
264 8535.0
 
265 7825.0
 
266 5613.0
 
267 7386.0
 
268 8535.0
 
269 7386.0
 
270 7408.0
 
271 7386.0
 
272 7408.0
 
273 7386.0
 
274 6993.0
 
275 7386.0
 
276 6993.0
 
277 9027.0
 
278 6535.0
 
279 9097.0
 
280 6535.0
 
281 9097.0
 
282 6535.0
 
283 9097.0
 
284 7408.0
 
285 7702.0
 
286 7408.0
 
287 7702.0
 
288 6535.0
 
289 9398.0
 
290 6535.0
 
291 6535.0
 
292 8535.0
 
293 6535.0
 
294 10176.0
 
295 9144.0
 
296 9760.0
 
297 6458.0
 
298 9760.0
 
299 8215.0
 
300 6760.0
 
301 8215.0
 
302 6760.0
 
303 8215.0
 
304 8601.0
 
305 8215.0
 
306 8601.0
 
307 9929.0
 
308 8601.0
 
309 9929.0
 
310 8608.0
 
311 11777.0
 
312 7496.0
 
313 10484.0
 
314 8608.0
 
315 10484.0
 
316 8652.0
 
317 9443.0
 
318 6938.0
 
319 10031.0
 
320 9098.0
 
321 8740.0
 
322 9098.0
 
323 8740.0
 
324 9098.0
 
325 10031.0
 
326 7734.0
 
327 8558.0
 
328 7734.0
 
329 10031.0
 
330 7734.0
 
331 9548.0
 
332 7734.0
 
333 9548.0
 
334 7734.0
 
335 9548.0
 
336 7734.0
 
337 8720.0
 
338 7734.0
 
339 10106.0
 
340 9274.0
 
341 10631.0
 
342 8561.0
 
343 7505.0
 
344 8561.0
 
345 7505.0
 
346 9760.0
 
347 7505.0
 
348 9760.0
 
349 7505.0
 
350 10202.0
 
351 10281.0
 
352 8510.0
 
353 10281.0
 
354 10295.0
 
355 11396.0
 
356 10295.0
 
357 6703.0
 
358 7513.0
 
359 6703.0
 
360 7513.0
 
361 6703.0
 
362 7513.0
 
363 8617.0
 
364 7513.0
 
365 8617.0
 
366 7513.0
 
367 6831.0
 
368 10001.0
 
369 6831.0
 
370 10001.0
 
371 8820.0
 
372 9184.0
 
373 8820.0
 
374 11392.0
 
375 8820.0
 
376 11392.0
 
377 8820.0
 
378 11392.0
 
379 8820.0
 
380 11327.0
 
381 8820.0
 
382 10483.0
 
383 8820.0
 
384 11762.0
 
385 8820.0
 
386 9210.0
 
387 7882.0
 
388 6838.0
 
389 7882.0
 
390 6838.0
 
391 7882.0
 
392 6838.0
 
393 9118.0
 
394 6838.0
 
395 9118.0
 
396 9608.0
 
397 9118.0
 
398 6728.0
 
399 9118.0
 
400 7968.0
 
401 9118.0
 
402 9608.0
 
403 10249.0
 
404 8509.0
 
405 10249.0
 
406 7345.0
 
407 8403.0
 
408 8942.0
 
409 8403.0
 
410 8942.0
 
411 8261.0
 
412 8942.0
 
413 8592.0
 
414 8383.0
 
415 6040.0
 
416 7974.0
 
417 6936.0
 
418 8383.0
 
419 6936.0
 
420 7515.0
 
421 6936.0
 
422 7515.0
 
423 6232.0
 
424 7515.0
 
425 6232.0
 
426 7515.0
 
427 6232.0
 
428 9181.0
 
429 8520.0
 
430 9427.0
 
431 8830.0
 
432 3906.0
 
433 8142.0
 
434 3906.0
 
435 8142.0
 
436 3906.0
 
437 8142.0
 
438 3906.0
 
439 8142.0
 
440 3906.0
 
441 8216.0
 
442 3906.0
 
443 8216.0
 
444 3906.0
 
445 8216.0
 
446 3906.0
 
447 8437.0
 
448 9782.0
 
449 8437.0
 
0 9126.0
 
1 8172.0
 
2 8076.0
 
3 8172.0
 
4 8076.0
 
5 8172.0
 
6 8076.0
 
7 8172.0
 
8 9126.0
 
9 7914.0
 
10 9018.0
 
11 6244.0
 
12 9018.0
 
13 6244.0
 
14 9018.0
 
15 8873.0
 
16 9830.0
 
17 8873.0
 
18 9937.0
 
19 8873.0
 
20 9309.0
 
21 8873.0
 
22 9309.0
 
23 9332.0
 
24 9309.0
 
25 9332.0
 
26 9205.0
 
27 7162.0
 
28 9185.0
 
29 7419.0
 
30 9205.0
 
31 7419.0
 
32 9205.0
 
33 8833.0
 
34 9205.0
 
35 8833.0
 
36 8656.0
 
37 10836.0
 
38 9841.0
 
39 10836.0
 
40 9205.0
 
41 9987.0
 
42 10189.0
 
43 9205.0
 
44 9768.0
 
45 8486.0
 
46 9768.0
 
47 8486.0
 
48 7345.0
 
49 7844.0
 
50 9226.0
 
51 8486.0
 
52 8524.0
 
53 8486.0
 
54 7059.0
 
55 8486.0
 
56 7059.0
 
57 9226.0
 
58 8524.0
 
59 8287.0
 
60 8524.0
 
61 8287.0
 
62 8524.0
 
63 8287.0
 
64 8287.0
 
65 8955.0
 
66 8287.0
 
67 7660.0
 
68 10225.0
 
69 8494.0
 
70 9957.0
 
71 8494.0
 
72 9989.0
 
73 8058.0
 
74 9989.0
 
75 8058.0
 
76 10144.0
 
77 8058.0
 
78 10308.0
 
79 8058.0
 
80 7370.0
 
81 7847.0
 
82 8011.0
 
83 7847.0
 
84 8011.0
 
85 8058.0
 
86 8011.0
 
87 8058.0
 
88 8011.0
 
89 8058.0
 
90 8011.0
 
91 8058.0
 
92 9901.0
 
93 11016.0
 
94 8003.0
 
95 11016.0
 
96 7367.0
 
97 9324.0
 
98 8003.0
 
99 9324.0
 
100 8003.0
 
101 9324.0
 
102 8003.0
 
103 9324.0
 
104 8003.0
 
105 11335.0
 
106 9149.0
 
107 6834.0
 
108 7058.0
 
109 6834.0
 
110 7058.0
 
111 8054.0
 
112 9149.0
 
113 8054.0
 
114 9149.0
 
115 8054.0
 
116 9090.0
 
117 8718.0
 
118 9090.0
 
119 8718.0
 
120 7479.0
 
121 8718.0
 
122 8549.0
 
123 7907.0
 
124 8549.0
 
125 7907.0
 
126 8549.0
 
127 8662.0
 
128 8549.0
 
129 8662.0
 
130 7989.0
 
131 9222.0
 
132 7989.0
 
133 9222.0
 
134 7989.0
 
135 10087.0
 
136 7989.0
 
137 7512.0
 
138 7989.0
 
139 7512.0
 
140 7989.0
 
141 9314.0
 
142 10729.0
 
143 8288.0
 
144 9279.0
 
145 9086.0
 
146 9279.0
 
147 8588.0
 
148 8842.0
 
149 8044.0
 
150 7337.0
 
151 8044.0
 
152 6738.0
 
153 8044.0
 
154 6738.0
 
155 8044.0
 
156 6738.0
 
157 8044.0
 
158 6418.0
 
159 8044.0
 
160 6738.0
 
161 8044.0
 
162 6738.0
 
163 8044.0
 
164 6738.0
 
165 9131.0
 
166 8450.0
 
167 9052.0
 
168 8450.0
 
169 9052.0
 
170 10329.0
 
171 7915.0
 
172 9904.0
 
173 7915.0
 
174 8297.0
 
175 9741.0
 
176 7785.0
 
177 7474.0
 
178 7785.0
 
179 9748.0
 
180 8865.0
 
181 9748.0
 
182 7102.0
 
183 9748.0
 
184 8865.0
 
185 8899.0
 
186 9600.0
 
187 6850.0
 
188 10271.0
 
189 6850.0
 
190 10034.0
 
191 7319.0
 
192 8869.0
 
193 11021.0
 
194 7319.0
 
195 7832.0
 
196 7319.0
 
197 7832.0
 
198 7319.0
 
199 7832.0
 
200 7216.0
 
201 7832.0
 
202 7216.0
 
203 7832.0
 
204 7216.0
 
205 7832.0
 
206 7216.0
 
207 7832.0
 
208 7777.0
 
209 7832.0
 
210 7777.0
 
211 7832.0
 
212 7777.0
 
213 8964.0
 
214 9173.0
 
215 8964.0
 
216 9173.0
 
217 9290.0
 
218 9173.0
 
219 9290.0
 
220 9173.0
 
221 9290.0
 
222 8556.0
 
223 9290.0
 
224 7175.0
 
225 9290.0
 
226 8556.0
 
227 8399.0
 
228 8556.0
 
229 7948.0
 
230 8556.0
 
231 9401.0
 
232 8077.0
 
233 6414.0
 
234 8077.0
 
235 9918.0
 
236 7863.0
 
237 9013.0
 
238 9078.0
 
239 9013.0
 
240 9078.0
 
241 9013.0
 
242 6963.0
 
243 7292.0
 
244 6963.0
 
245 7292.0
 
246 9705.0
 
247 9744.0
 
248 9556.0
 
249 10213.0
 
250 5743.0
 
251 9510.0
 
252 9875.0
 
253 9510.0
 
254 8451.0
 
255 9462.0
 
256 8451.0
 
257 10213.0
 
258 8451.0
 
259 9197.0
 
260 8451.0
 
261 9950.0
 
262 8451.0
 
263 9929.0
 
264 9197.0
 
265 9929.0
 
266 8337.0
 
267 9929.0
 
268 8337.0
 
269 8278.0
 
270 8508.0
 
271 9929.0
 
272 5804.0
 
273 9929.0
 
274 5804.0
 
275 9929.0
 
276 8508.0
 
277 7818.0
 
278 8484.0
 
279 7850.0
 
280 8484.0
 
281 7850.0
 
282 9883.0
 
283 7850.0
 
284 9883.0
 
285 7850.0
 
286 9883.0
 
287 7850.0
 
288 8537.0
 
289 7850.0
 
290 8478.0
 
291 8152.0
 
292 8537.0
 
293 8606.0
 
294 8537.0
 
295 9978.0
 
296 8537.0
 
297 8415.0
 
298 7029.0
 
299 8415.0
 
300 8537.0
 
301 10518.0
 
302 7136.0
 
303 10444.0
 
304 8537.0
 
305 10484.0
 
306 8537.0
 
307 10788.0
 
308 8537.0
 
309 10887.0
 
310 8537.0
 
311 10444.0
 
312 9110.0
 
313 10444.0
 
314 9110.0
 
315 7926.0
 
316 8584.0
 
317 7926.0
 
318 7529.0
 
319 7526.0
 
320 7529.0
 
321 8435.0
 
322 6080.0
 
323 8435.0
 
324 7529.0
 
325 8435.0
 
326 8335.0
 
327 7959.0
 
328 8335.0
 
329 8473.0
 
330 8335.0
 
331 8494.0
 
332 8335.0
 
333 8494.0
 
334 7251.0
 
335 8494.0
 
336 8770.0
 
337 8494.0
 
338 8770.0
 
339 8494.0
 
340 8770.0
 
341 7926.0
 
342 8770.0
 
343 7926.0
 
344 8770.0
 
345 9520.0
 
346 7926.0
 
347 9038.0
 
348 7926.0
 
349 7664.0
 
350 7926.0
 
351 7664.0
 
352 8972.0
 
353 7664.0
 
354 10037.0
 
355 7652.0
 
356 7645.0
 
357 7664.0
 
358 7813.0
 
359 7664.0
 
360 7813.0
 
361 9559.0
 
362 10037.0
 
363 11074.0
 
364 8404.0
 
365 9287.0
 
366 9540.0
 
367 11074.0
 
368 9540.0
 
369 8035.0
 
370 8684.0
 
371 8035.0
 
372 8566.0
 
373 7818.0
 
374 8566.0
 
375 5293.0
 
376 8566.0
 
377 6598.0
 
378 9190.0
 
379 6598.0
 
380 7818.0
 
381 6598.0
 
382 7818.0
 
383 6598.0
 
384 6598.0
 
385 7597.0
 
386 6309.0
 
387 7597.0
 
388 9435.0
 
389 8178.0
 
390 9927.0
 
391 8450.0
 
392 9753.0
 
393 7914.0
 
394 10502.0
 
395 7914.0
 
396 7483.0
 
397 6952.0
 
398 7483.0
 
399 6952.0
 
400 7483.0
 
401 6952.0
 
402 7483.0
 
403 6952.0
 
404 7483.0
 
405 8614.0
 
406 6469.0
 
407 8614.0
 
408 5374.0
 
409 8892.0
 
410 5374.0
 
411 9397.0
 
412 5374.0
 
413 9397.0
 
414 5374.0
 
415 7817.0
 
416 5374.0
 
417 9271.0
 
418 5374.0
 
419 10450.0
 
420 5374.0
 
421 8345.0
 
422 5374.0
 
423 8275.0
 
424 5374.0
 
425 8345.0
 
426 5374.0
 
427 8345.0
 
428 5374.0
 
429 9096.0
 
430 7315.0
 
431 7564.0
 
432 7315.0
 
433 9096.0
 
434 7315.0
 
435 9096.0
 
436 8432.0
 
437 8846.0
 
438 8932.0
 
439 8425.0
 
440 7988.0
 
441 9096.0
 
442 7988.0
 
443 9293.0
 
444 7988.0
 
445 10879.0
 
446 9638.0
 
447 10112.0
 
448 9732.0
 
449 8419.0
 
0 6650.0
 
1 9223.0
 
2 7766.0
 
3 9223.0
 
4 7766.0
 
5 7227.0
 
6 7978.0
 
7 7522.0
 
8 9400.0
 
9 6736.0
 
10 9084.0
 
11 6736.0
 
12 9084.0
 
13 6736.0
 
14 9939.0
 
15 6736.0
 
16 8674.0
 
17 7292.0
 
18 6736.0
 
19 7292.0
 
20 6736.0
 
21 7089.0
 
22 6736.0
 
23 7089.0
 
24 10852.0
 
25 7089.0
 
26 7233.0
 
27 7089.0
 
28 7233.0
 
29 7089.0
 
30 7233.0
 
31 9518.0
 
32 7233.0
 
33 9518.0
 
34 7233.0
 
35 9518.0
 
36 7049.0
 
37 9518.0
 
38 7049.0
 
39 5072.0
 
40 7049.0
 
41 5072.0
 
42 6717.0
 
43 5072.0
 
44 6717.0
 
45 7834.0
 
46 6717.0
 
47 10171.0
 
48 9202.0
 
49 10171.0
 
50 9202.0
 
51 10171.0
 
52 9202.0
 
53 10171.0
 
54 9202.0
 
55 11151.0
 
56 9126.0
 
57 9664.0
 
58 11515.0
 
59 9664.0
 
60 10299.0
 
61 11151.0
 
62 9411.0
 
63 9834.0
 
64 9411.0
 
65 9266.0
 
66 9411.0
 
67 9266.0
 
68 9702.0
 
69 9266.0
 
70 9702.0
 
71 7049.0
 
72 10807.0
 
73 7156.0
 
74 10807.0
 
75 7156.0
 
76 6851.0
 
77 7156.0
 
78 5871.0
 
79 7156.0
 
80 5871.0
 
81 10414.0
 
82 8479.0
 
83 7345.0
 
84 7089.0
 
85 7345.0
 
86 7089.0
 
87 8499.0
 
88 7089.0
 
89 11726.0
 
90 7089.0
 
91 8823.0
 
92 7089.0
 
93 8823.0
 
94 7089.0
 
95 8823.0
 
96 7089.0
 
97 8823.0
 
98 7831.0
 
99 8823.0
 
100 7831.0
 
101 8823.0
 
102 7831.0
 
103 8823.0
 
104 10464.0
 
105 6986.0
 
106 10464.0
 
107 6986.0
 
108 8539.0
 
109 9145.0
 
110 7831.0
 
111 6008.0
 
112 7831.0
 
113 6008.0
 
114 8675.0
 
115 7433.0
 
116 9851.0
 
117 9332.0
 
118 10874.0
 
119 9740.0
 
120 10807.0
 
121 9740.0
 
122 10807.0
 
123 9740.0
 
124 8337.0
 
125 5887.0
 
126 11629.0
 
127 10893.0
 
128 8393.0
 
129 7603.0
 
130 7678.0
 
131 7603.0
 
132 7678.0
 
133 5743.0
 
134 7678.0
 
135 5743.0
 
136 7678.0
 
137 5519.0
 
138 7678.0
 
139 5519.0
 
140 7678.0
 
141 5519.0
 
142 8141.0
 
143 7712.0
 
144 8141.0
 
145 7712.0
 
146 8141.0
 
147 8024.0
 
148 8141.0
 
149 8024.0
 
150 8141.0
 
151 8024.0
 
152 7004.0
 
153 10275.0
 
154 8141.0
 
155 11791.0
 
156 8141.0
 
157 10490.0
 
158 8141.0
 
159 6458.0
 
160 9505.0
 
161 6458.0
 
162 9597.0
 
163 7436.0
 
164 9597.0
 
165 7436.0
 
166 9597.0
 
167 7436.0
 
168 9311.0
 
169 7436.0
 
170 7803.0
 
171 8112.0
 
172 9898.0
 
173 8112.0
 
174 9898.0
 
175 8112.0
 
176 7523.0
 
177 8112.0
 
178 7523.0
 
179 8262.0
 
180 7367.0
 
181 8262.0
 
182 7283.0
 
183 8262.0
 
184 7367.0
 
185 8262.0
 
186 7367.0
 
187 8262.0
 
188 7367.0
 
189 7424.0
 
190 8243.0
 
191 8611.0
 
192 9800.0
 
193 8822.0
 
194 9800.0
 
195 8822.0
 
196 9800.0
 
197 9817.0
 
198 8617.0
 
199 7314.0
 
200 8128.0
 
201 9817.0
 
202 8128.0
 
203 8667.0
 
204 8128.0
 
205 10059.0
 
206 8667.0
 
207 7776.0
 
208 8813.0
 
209 7776.0
 
210 10685.0
 
211 7776.0
 
212 7593.0
 
213 6906.0
 
214 7593.0
 
215 6906.0
 
216 7593.0
 
217 8790.0
 
218 9423.0
 
219 8790.0
 
220 9423.0
 
221 8790.0
 
222 9180.0
 
223 8898.0
 
224 9180.0
 
225 7761.0
 
226 10280.0
 
227 8214.0
 
228 10113.0
 
229 8214.0
 
230 9266.0
 
231 9859.0
 
232 9266.0
 
233 10472.0
 
234 10606.0
 
235 8468.0
 
236 9617.0
 
237 7829.0
 
238 6016.0
 
239 8552.0
 
240 6016.0
 
241 8552.0
 
242 6016.0
 
243 10103.0
 
244 6016.0
 
245 9250.0
 
246 8302.0
 
247 4850.0
 
248 8630.0
 
249 4850.0
 
250 8630.0
 
251 4850.0
 
252 8630.0
 
253 4850.0
 
254 8630.0
 
255 4850.0
 
256 9592.0
 
257 4328.0
 
258 9592.0
 
259 4328.0
 
260 8438.0
 
261 4328.0
 
262 8438.0
 
263 4328.0
 
264 8363.0
 
265 4328.0
 
266 6803.0
 
267 4328.0
 
268 6803.0
 
269 4328.0
 
270 6803.0
 
271 6471.0
 
272 7789.0
 
273 7907.0
 
274 9203.0
 
275 8222.0
 
276 9203.0
 
277 9685.0
 
278 9203.0
 
279 9622.0
 
280 9221.0
 
281 9622.0
 
282 8399.0
 
283 8514.0
 
284 8399.0
 
285 8885.0
 
286 8399.0
 
287 8885.0
 
288 8399.0
 
289 9461.0
 
290 8399.0
 
291 9461.0
 
292 8399.0
 
293 8175.0
 
294 8399.0
 
295 8175.0
 
296 9111.0
 
297 8175.0
 
298 11572.0
 
299 8222.0
 
300 9616.0
 
301 8222.0
 
302 9616.0
 
303 8222.0
 
304 9616.0
 
305 8222.0
 
306 7788.0
 
307 10232.0
 
308 9616.0
 
309 10232.0
 
310 9616.0
 
311 8681.0
 
312 11181.0
 
313 8681.0
 
314 11321.0
 
315 8681.0
 
316 5340.0
 
317 8681.0
 
318 9012.0
 
319 8788.0
 
320 9012.0
 
321 10133.0
 
322 8866.0
 
323 10133.0
 
324 8866.0
 
325 10133.0
 
326 8866.0
 
327 10133.0
 
328 9281.0
 
329 7704.0
 
330 9281.0
 
331 7704.0
 
332 9227.0
 
333 10133.0
 
334 7433.0
 
335 9227.0
 
336 7648.0
 
337 9995.0
 
338 7648.0
 
339 9577.0
 
340 6459.0
 
341 9577.0
 
342 6459.0
 
343 9501.0
 
344 7648.0
 
345 9501.0
 
346 7648.0
 
347 8184.0
 
348 6814.0
 
349 8184.0
 
350 6814.0
 
351 8184.0
 
352 6459.0
 
353 8184.0
 
354 6459.0
 
355 8184.0
 
356 6459.0
 
357 6990.0
 
358 6459.0
 
359 8184.0
 
360 7587.0
 
361 6892.0
 
362 6971.0
 
363 6892.0
 
364 6971.0
 
365 8184.0
 
366 6971.0
 
367 8698.0
 
368 6971.0
 
369 9144.0
 
370 6575.0
 
371 9074.0
 
372 6575.0
 
373 9074.0
 
374 6575.0
 
375 10233.0
 
376 6575.0
 
377 10714.0
 
378 6575.0
 
379 10714.0
 
380 8883.0
 
381 10066.0
 
382 9500.0
 
383 11087.0
 
384 9500.0
 
385 11087.0
 
386 7182.0
 
387 11087.0
 
388 7721.0
 
389 11534.0
 
390 8954.0
 
391 10613.0
 
392 8954.0
 
393 10718.0
 
394 8812.0
 
395 8328.0
 
396 8812.0
 
397 6848.0
 
398 8812.0
 
399 6848.0
 
400 7057.0
 
401 6848.0
 
402 7057.0
 
403 5272.0
 
404 8812.0
 
405 5272.0
 
406 8812.0
 
407 5272.0
 
408 9337.0
 
409 5272.0
 
410 10150.0
 
411 5272.0
 
412 10150.0
 
413 5272.0
 
414 9936.0
 
415 5272.0
 
416 9044.0
 
417 9420.0
 
418 7519.0
 
419 8055.0
 
420 7519.0
 
421 7578.0
 
422 7519.0
 
423 7578.0
 
424 7519.0
 
425 7578.0
 
426 7930.0
 
427 7578.0
 
428 7930.0
 
429 7578.0
 
430 7930.0
 
431 7578.0
 
432 7930.0
 
433 7328.0
 
434 7216.0
 
435 7578.0
 
436 8408.0
 
437 7930.0
 
438 9355.0
 
439 8676.0
 
440 7622.0
 
441 8676.0
 
442 8454.0
 
443 8716.0
 
444 5241.0
 
445 9470.0
 
446 5241.0
 
447 10078.0
 
448 5241.0
 
449 11001.0
 
0 9083.0
 
1 8601.0
 
2 9083.0
 
3 8601.0
 
4 8150.0
 
5 10495.0
 
6 8150.0
 
7 10495.0
 
8 7332.0
 
9 10495.0
 
10 7332.0
 
11 10495.0
 
12 9083.0
 
13 6499.0
 
14 8412.0
 
15 8948.0
 
16 8412.0
 
17 7667.0
 
18 7953.0
 
19 7667.0
 
20 5552.0
 
21 7419.0
 
22 5552.0
 
23 7301.0
 
24 7953.0
 
25 7301.0
 
26 8412.0
 
27 7452.0
 
28 9939.0
 
29 6635.0
 
30 10007.0
 
31 6635.0
 
32 10060.0
 
33 6635.0
 
34 10060.0
 
35 6635.0
 
36 9071.0
 
37 6635.0
 
38 10418.0
 
39 7244.0
 
40 8478.0
 
41 7244.0
 
42 8478.0
 
43 9004.0
 
44 8814.0
 
45 7887.0
 
46 6852.0
 
47 10141.0
 
48 7323.0
 
49 10141.0
 
50 7323.0
 
51 9893.0
 
52 6093.0
 
53 9143.0
 
54 6093.0
 
55 8793.0
 
56 9548.0
 
57 5429.0
 
58 9548.0
 
59 4769.0
 
60 4769.0
 
61 5429.0
 
62 4769.0
 
63 5429.0
 
64 4769.0
 
65 5429.0
 
66 9198.0
 
67 5877.0
 
68 8050.0
 
69 5877.0
 
70 9671.0
 
71 5877.0
 
72 9671.0
 
73 5877.0
 
74 9671.0
 
75 6574.0
 
76 9671.0
 
77 6973.0
 
78 7753.0
 
79 8778.0
 
80 6575.0
 
81 10232.0
 
82 6435.0
 
83 6760.0
 
84 6435.0
 
85 6574.0
 
86 10181.0
 
87 6574.0
 
88 11122.0
 
89 6574.0
 
90 11122.0
 
91 6574.0
 
92 10882.0
 
93 6574.0
 
94 10882.0
 
95 6574.0
 
96 12120.0
 
97 5925.0
 
98 9520.0
 
99 5925.0
 
100 6605.0
 
101 5925.0
 
102 6605.0
 
103 10797.0
 
104 6605.0
 
105 9712.0
 
106 9520.0
 
107 9689.0
 
108 8823.0
 
109 7771.0
 
110 8823.0
 
111 8464.0
 
112 8823.0
 
113 8464.0
 
114 7924.0
 
115 7428.0
 
116 7225.0
 
117 7571.0
 
118 7225.0
 
119 9677.0
 
120 8628.0
 
121 8266.0
 
122 8628.0
 
123 8694.0
 
124 5999.0
 
125 8670.0
 
126 8734.0
 
127 8694.0
 
128 11598.0
 
129 5594.0
 
130 7988.0
 
131 5594.0
 
132 7988.0
 
133 5594.0
 
134 9377.0
 
135 7864.0
 
136 8668.0
 
137 8477.0
 
138 8477.0
 
139 9371.0
 
140 8827.0
 
141 9371.0
 
142 7679.0
 
143 9371.0
 
144 7981.0
 
145 8742.0
 
146 8827.0
 
147 8742.0
 
148 9662.0
 
149 9455.0
 
150 9662.0
 
151 9455.0
 
152 9662.0
 
153 9417.0
 
154 8827.0
 
155 9669.0
 
156 10338.0
 
157 9669.0
 
158 9889.0
 
159 9339.0
 
160 6360.0
 
161 8262.0
 
162 6360.0
 
163 9548.0
 
164 6360.0
 
165 8253.0
 
166 6360.0
 
167 8253.0
 
168 6360.0
 
169 5995.0
 
170 6360.0
 
171 7528.0
 
172 6360.0
 
173 8336.0
 
174 9676.0
 
175 8652.0
 
176 9676.0
 
177 8652.0
 
178 8672.0
 
179 8652.0
 
180 8612.0
 
181 8652.0
 
182 8612.0
 
183 11936.0
 
184 8580.0
 
185 12012.0
 
186 8487.0
 
187 12284.0
 
188 8612.0
 
189 10948.0
 
190 10242.0
 
191 7849.0
 
192 9441.0
 
193 7849.0
 
194 7653.0
 
195 8598.0
 
196 10781.0
 
197 7653.0
 
198 10061.0
 
199 6771.0
 
200 9208.0
 
201 6771.0
 
202 10061.0
 
203 9571.0
 
204 7967.0
 
205 6939.0
 
206 7967.0
 
207 6939.0
 
208 6532.0
 
209 6939.0
 
210 8471.0
 
211 6939.0
 
212 7994.0
 
213 6939.0
 
214 6532.0
 
215 7461.0
 
216 6532.0
 
217 7461.0
 
218 6532.0
 
219 7461.0
 
220 7409.0
 
221 7917.0
 
222 7409.0
 
223 9383.0
 
224 7461.0
 
225 7628.0
 
226 7461.0
 
227 7897.0
 
228 7061.0
 
229 7897.0
 
230 7061.0
 
231 7897.0
 
232 8934.0
 
233 7693.0
 
234 5093.0
 
235 7693.0
 
236 8241.0
 
237 6766.0
 
238 8241.0
 
239 7693.0
 
240 10024.0
 
241 7693.0
 
242 9332.0
 
243 8243.0
 
244 9332.0
 
245 8243.0
 
246 8814.0
 
247 8243.0
 
248 8814.0
 
249 10315.0
 
250 8315.0
 
251 11853.0
 
252 9940.0
 
253 10501.0
 
254 7660.0
 
255 9097.0
 
256 7660.0
 
257 7326.0
 
258 7546.0
 
259 7326.0
 
260 8581.0
 
261 7326.0
 
262 8581.0
 
263 7326.0
 
264 8070.0
 
265 7510.0
 
266 6961.0
 
267 7510.0
 
268 6961.0
 
269 7510.0
 
270 6603.0
 
271 7510.0
 
272 6603.0
 
273 9588.0
 
274 9423.0
 
275 8607.0
 
276 6605.0
 
277 8607.0
 
278 6605.0
 
279 8607.0
 
280 6431.0
 
281 8607.0
 
282 6431.0
 
283 7980.0
 
284 6431.0
 
285 8699.0
 
286 8406.0
 
287 8116.0
 
288 8406.0
 
289 8116.0
 
290 8406.0
 
291 8116.0
 
292 8406.0
 
293 8116.0
 
294 8406.0
 
295 8116.0
 
296 8406.0
 
297 8156.0
 
298 8406.0
 
299 8655.0
 
300 7726.0
 
301 9798.0
 
302 5945.0
 
303 9798.0
 
304 6132.0
 
305 9798.0
 
306 8004.0
 
307 9501.0
 
308 8815.0
 
309 9501.0
 
310 8815.0
 
311 7979.0
 
312 8362.0
 
313 6534.0
 
314 8362.0
 
315 6850.0
 
316 8362.0
 
317 6850.0
 
318 7885.0
 
319 6850.0
 
320 8815.0
 
321 6850.0
 
322 8815.0
 
323 6850.0
 
324 8815.0
 
325 9216.0
 
326 8815.0
 
327 9216.0
 
328 8815.0
 
329 7032.0
 
330 7976.0
 
331 7032.0
 
332 8955.0
 
333 5732.0
 
334 8517.0
 
335 5732.0
 
336 8517.0
 
337 5732.0
 
338 8517.0
 
339 6284.0
 
340 8846.0
 
341 6284.0
 
342 9361.0
 
343 6284.0
 
344 8788.0
 
345 6284.0
 
346 8788.0
 
347 6284.0
 
348 8788.0
 
349 7212.0
 
350 8788.0
 
351 7199.0
 
352 8788.0
 
353 8104.0
 
354 8811.0
 
355 6512.0
 
356 8811.0
 
357 6512.0
 
358 8422.0
 
359 6512.0
 
360 9093.0
 
361 9478.0
 
362 9093.0
 
363 8603.0
 
364 8064.0
 
365 9013.0
 
366 8064.0
 
367 9013.0
 
368 8064.0
 
369 6512.0
 
370 8064.0
 
371 8814.0
 
372 9690.0
 
373 8814.0
 
374 7977.0
 
375 8814.0
 
376 6709.0
 
377 8814.0
 
378 6709.0
 
379 10881.0
 
380 6709.0
 
381 10881.0
 
382 6709.0
 
383 11079.0
 
384 10744.0
 
385 8836.0
 
386 7717.0
 
387 8836.0
 
388 7717.0
 
389 10139.0
 
390 7717.0
 
391 7858.0
 
392 7717.0
 
393 9014.0
 
394 7717.0
 
395 8312.0
 
396 8562.0
 
397 8312.0
 
398 8562.0
 
399 7089.0
 
400 9564.0
 
401 7089.0
 
402 9767.0
 
403 7089.0
 
404 7415.0
 
405 8312.0
 
406 7415.0
 
407 9568.0
 
408 7415.0
 
409 6577.0
 
410 7415.0
 
411 6577.0
 
412 7415.0
 
413 7323.0
 
414 7415.0
 
415 7323.0
 
416 10169.0
 
417 8304.0
 
418 10063.0
 
419 10555.0
 
420 7811.0
 
421 7301.0
 
422 9822.0
 
423 7301.0
 
424 9078.0
 
425 7301.0
 
426 10063.0
 
427 7301.0
 
428 10063.0
 
429 7301.0
 
430 10373.0
 
431 7301.0
 
432 8869.0
 
433 8232.0
 
434 8869.0
 
435 8232.0
 
436 5801.0
 
437 8232.0
 
438 5801.0
 
439 9113.0
 
440 5801.0
 
441 9113.0
 
442 5801.0
 
443 9788.0
 
444 5801.0
 
445 10219.0
 
446 7249.0
 
447 8379.0
 
448 8395.0
 
449 8379.0
 
0 6852.0
 
1 8515.0
 
2 6736.0
 
3 8515.0
 
4 6736.0
 
5 8515.0
 
6 13106.0
 
7 5084.0
 
8 10053.0
 
9 5084.0
 
10 10053.0
 
11 5084.0
 
12 10053.0
 
13 5084.0
 
14 10053.0
 
15 5084.0
 
16 9123.0
 
17 5084.0
 
18 9123.0
 
19 5084.0
 
20 8585.0
 
21 5084.0
 
22 8000.0
 
23 6916.0
 
24 8751.0
 
25 6916.0
 
26 7520.0
 
27 8463.0
 
28 9104.0
 
29 8463.0
 
30 9104.0
 
31 8480.0
 
32 9104.0
 
33 8480.0
 
34 8059.0
 
35 9644.0
 
36 8059.0
 
37 10125.0
 
38 8059.0
 
39 9804.0
 
40 7821.0
 
41 7851.0
 
42 7821.0
 
43 7851.0
 
44 9255.0
 
45 7851.0
 
46 9255.0
 
47 7851.0
 
48 8781.0
 
49 7851.0
 
50 6964.0
 
51 7851.0
 
52 6964.0
 
53 8607.0
 
54 6964.0
 
55 9311.0
 
56 6964.0
 
57 8475.0
 
58 6964.0
 
59 7851.0
 
60 6964.0
 
61 7851.0
 
62 6457.0
 
63 7851.0
 
64 8363.0
 
65 9169.0
 
66 9574.0
 
67 9169.0
 
68 9574.0
 
69 7607.0
 
70 8156.0
 
71 7607.0
 
72 8720.0
 
73 7607.0
 
74 8720.0
 
75 7607.0
 
76 7639.0
 
77 7607.0
 
78 7639.0
 
79 7607.0
 
80 9231.0
 
81 7607.0
 
82 10086.0
 
83 7607.0
 
84 10086.0
 
85 7607.0
 
86 10086.0
 
87 7607.0
 
88 10086.0
 
89 8315.0
 
90 10318.0
 
91 8315.0
 
92 9063.0
 
93 8315.0
 
94 9778.0
 
95 8315.0
 
96 9677.0
 
97 7607.0
 
98 7007.0
 
99 7607.0
 
100 9677.0
 
101 7607.0
 
102 9136.0
 
103 7607.0
 
104 8947.0
 
105 8510.0
 
106 8947.0
 
107 9199.0
 
108 9358.0
 
109 9004.0
 
110 9135.0
 
111 9004.0
 
112 9135.0
 
113 11465.0
 
114 9135.0
 
115 10318.0
 
116 9135.0
 
117 8034.0
 
118 9455.0
 
119 8034.0
 
120 9844.0
 
121 9632.0
 
122 9844.0
 
123 9632.0
 
124 9844.0
 
125 9632.0
 
126 9751.0
 
127 9632.0
 
128 9844.0
 
129 9632.0
 
130 9844.0
 
131 9632.0
 
132 9844.0
 
133 8139.0
 
134 10063.0
 
135 6403.0
 
136 9941.0
 
137 7898.0
 
138 8361.0
 
139 7760.0
 
140 6853.0
 
141 7898.0
 
142 6853.0
 
143 7898.0
 
144 6853.0
 
145 7898.0
 
146 6853.0
 
147 7898.0
 
148 6853.0
 
149 7898.0
 
150 6853.0
 
151 7898.0
 
152 6853.0
 
153 7898.0
 
154 6853.0
 
155 7898.0
 
156 6853.0
 
157 7898.0
 
158 6853.0
 
159 7898.0
 
160 6853.0
 
161 7898.0
 
162 6853.0
 
163 7888.0
 
164 6853.0
 
165 7888.0
 
166 6853.0
 
167 7888.0
 
168 6853.0
 
169 7888.0
 
170 7888.0
 
171 6853.0
 
172 8971.0
 
173 6853.0
 
174 7815.0
 
175 6853.0
 
176 7485.0
 
177 9216.0
 
178 7485.0
 
179 8306.0
 
180 7485.0
 
181 8306.0
 
182 8115.0
 
183 6738.0
 
184 7238.0
 
185 6738.0
 
186 7238.0
 
187 6738.0
 
188 6806.0
 
189 9359.0
 
190 6806.0
 
191 9359.0
 
192 6806.0
 
193 9359.0
 
194 10468.0
 
195 9359.0
 
196 10468.0
 
197 9359.0
 
198 7449.0
 
199 8362.0
 
200 7441.0
 
201 9270.0
 
202 7724.0
 
203 9085.0
 
204 8231.0
 
205 9085.0
 
206 8231.0
 
207 9085.0
 
208 9617.0
 
209 9085.0
 
210 10141.0
 
211 9617.0
 
212 8714.0
 
213 11127.0
 
214 8714.0
 
215 9173.0
 
216 8714.0
 
217 11716.0
 
218 8714.0
 
219 8436.0
 
220 6266.0
 
221 8436.0
 
222 6266.0
 
223 8436.0
 
224 6266.0
 
225 8436.0
 
226 7961.0
 
227 8436.0
 
228 8445.0
 
229 8436.0
 
230 8436.0
 
231 9017.0
 
232 8445.0
 
233 9793.0
 
234 8467.0
 
235 9793.0
 
236 8467.0
 
237 8467.0
 
238 10170.0
 
239 8467.0
 
240 10170.0
 
241 8467.0
 
242 10902.0
 
243 8467.0
 
244 9587.0
 
245 8467.0
 
246 10133.0
 
247 8467.0
 
248 10041.0
 
249 5944.0
 
250 9139.0
 
251 9017.0
 
252 9139.0
 
253 7951.0
 
254 8195.0
 
255 9617.0
 
256 8195.0
 
257 9617.0
 
258 8195.0
 
259 9617.0
 
260 8195.0
 
261 9603.0
 
262 8195.0
 
263 7667.0
 
264 8195.0
 
265 7667.0
 
266 8195.0
 
267 7667.0
 
268 10076.0
 
269 7667.0
 
270 7576.0
 
271 9121.0
 
272 7576.0
 
273 9121.0
 
274 10731.0
 
275 4985.0
 
276 11410.0
 
277 4985.0
 
278 9510.0
 
279 7828.0
 
280 9510.0
 
281 8887.0
 
282 9510.0
 
283 7783.0
 
284 7949.0
 
285 7783.0
 
286 7949.0
 
287 9231.0
 
288 7949.0
 
289 10509.0
 
290 7949.0
 
291 10509.0
 
292 9667.0
 
293 10509.0
 
294 9667.0
 
295 10509.0
 
296 9667.0
 
297 9634.0
 
298 9348.0
 
299 9093.0
 
300 9612.0
 
301 9737.0
 
302 9612.0
 
303 9737.0
 
304 6483.0
 
305 9737.0
 
306 8284.0
 
307 10840.0
 
308 9612.0
 
309 10770.0
 
310 9612.0
 
311 10650.0
 
312 7837.0
 
313 9672.0
 
314 7837.0
 
315 9672.0
 
316 7837.0
 
317 9672.0
 
318 7837.0
 
319 9672.0
 
320 7837.0
 
321 8471.0
 
322 7422.0
 
323 8471.0
 
324 7422.0
 
325 8471.0
 
326 7422.0
 
327 8471.0
 
328 7422.0
 
329 8471.0
 
330 7422.0
 
331 8471.0
 
332 7422.0
 
333 8471.0
 
334 7422.0
 
335 8471.0
 
336 7422.0
 
337 8471.0
 
338 8465.0
 
339 8471.0
 
340 8421.0
 
341 8471.0
 
342 8941.0
 
343 8818.0
 
344 8771.0
 
345 8818.0
 
346 8441.0
 
347 8818.0
 
348 5959.0
 
349 7026.0
 
350 8129.0
 
351 7026.0
 
352 8000.0
 
353 7026.0
 
354 8000.0
 
355 7026.0
 
356 8129.0
 
357 7026.0
 
358 8129.0
 
359 7026.0
 
360 8129.0
 
361 7374.0
 
362 7477.0
 
363 7931.0
 
364 7265.0
 
365 7931.0
 
366 7477.0
 
367 5792.0
 
368 8129.0
 
369 5792.0
 
370 8129.0
 
371 7213.0
 
372 8129.0
 
373 5918.0
 
374 8129.0
 
375 5918.0
 
376 9840.0
 
377 5918.0
 
378 9840.0
 
379 5918.0
 
380 9840.0
 
381 5918.0
 
382 9879.0
 
383 5918.0
 
384 9879.0
 
385 5918.0
 
386 7859.0
 
387 7661.0
 
388 7859.0
 
389 7661.0
 
390 7596.0
 
391 7661.0
 
392 7859.0
 
393 7849.0
 
394 7859.0
 
395 8639.0
 
396 7859.0
 
397 8639.0
 
398 6930.0
 
399 8639.0
 
400 6930.0
 
401 8345.0
 
402 6930.0
 
403 8345.0
 
404 6930.0
 
405 8345.0
 
406 7825.0
 
407 8345.0
 
408 7825.0
 
409 8345.0
 
410 7825.0
 
411 8345.0
 
412 7825.0
 
413 8345.0
 
414 8189.0
 
415 8345.0
 
416 7872.0
 
417 8345.0
 
418 7872.0
 
419 8300.0
 
420 8294.0
 
421 10391.0
 
422 10272.0
 
423 9557.0
 
424 10272.0
 
425 10477.0
 
426 8709.0
 
427 11139.0
 
428 8709.0
 
429 8326.0
 
430 7714.0
 
431 7714.0
 
432 9002.0
 
433 7714.0
 
434 9002.0
 
435 7376.0
 
436 9058.0
 
437 7376.0
 
438 10013.0
 
439 11139.0
 
440 5683.0
 
441 8723.0
 
442 5683.0
 
443 8723.0
 
444 5683.0
 
445 7245.0
 
446 5683.0
 
447 10193.0
 
448 5683.0
 
449 9114.0
 
0 8217.0
 
1 9445.0
 
2 6896.0
 
3 9445.0
 
4 9375.0
 
5 9445.0
 
6 9375.0
 
7 9445.0
 
8 9569.0
 
9 7028.0
 
10 9569.0
 
11 7028.0
 
12 9569.0
 
13 7028.0
 
14 9569.0
 
15 8151.0
 
16 9569.0
 
17 9435.0
 
18 9569.0
 
19 9445.0
 
20 9445.0
 
21 9289.0
 
22 9569.0
 
23 10187.0
 
24 10211.0
 
25 7384.0
 
26 11750.0
 
27 6882.0
 
28 11750.0
 
29 8868.0
 
30 7790.0
 
31 8999.0
 
32 7790.0
 
33 8999.0
 
34 10712.0
 
35 8999.0
 
36 10712.0
 
37 8969.0
 
38 10712.0
 
39 9834.0
 
40 7996.0
 
41 8425.0
 
42 7996.0
 
43 9224.0
 
44 7996.0
 
45 9224.0
 
46 7996.0
 
47 9029.0
 
48 7348.0
 
49 9029.0
 
50 5226.0
 
51 9224.0
 
52 8253.0
 
53 9319.0
 
54 7259.0
 
55 10086.0
 
56 7259.0
 
57 9380.0
 
58 7259.0
 
59 10123.0
 
60 7259.0
 
61 9503.0
 
62 7259.0
 
63 8461.0
 
64 5249.0
 
65 8461.0
 
66 5249.0
 
67 8461.0
 
68 5249.0
 
69 8092.0
 
70 5249.0
 
71 8092.0
 
72 5249.0
 
73 8092.0
 
74 6290.0
 
75 7198.0
 
76 7516.0
 
77 7198.0
 
78 7516.0
 
79 10082.0
 
80 7516.0
 
81 10082.0
 
82 6981.0
 
83 9068.0
 
84 6981.0
 
85 7966.0
 
86 6981.0
 
87 7966.0
 
88 6981.0
 
89 7966.0
 
90 7953.0
 
91 7966.0
 
92 6162.0
 
93 11282.0
 
94 5427.0
 
95 7936.0
 
96 5427.0
 
97 7936.0
 
98 5427.0
 
99 7936.0
 
100 5427.0
 
101 5427.0
 
102 9822.0
 
103 5427.0
 
104 9822.0
 
105 5427.0
 
106 9836.0
 
107 5427.0
 
108 7297.0
 
109 7511.0
 
110 7297.0
 
111 7511.0
 
112 7297.0
 
113 9204.0
 
114 8674.0
 
115 9204.0
 
116 8674.0
 
117 7919.0
 
118 8674.0
 
119 7919.0
 
120 8674.0
 
121 9099.0
 
122 8674.0
 
123 8888.0
 
124 10289.0
 
125 8888.0
 
126 6096.0
 
127 8888.0
 
128 6096.0
 
129 4825.0
 
130 9213.0
 
131 4825.0
 
132 9174.0
 
133 4825.0
 
134 9174.0
 
135 4825.0
 
136 9174.0
 
137 4825.0
 
138 8135.0
 
139 4825.0
 
140 8135.0
 
141 4825.0
 
142 8135.0
 
143 4825.0
 
144 8566.0
 
145 4825.0
 
146 9528.0
 
147 9666.0
 
148 9528.0
 
149 9666.0
 
150 8419.0
 
151 9666.0
 
152 8419.0
 
153 9666.0
 
154 8419.0
 
155 9666.0
 
156 7593.0
 
157 9666.0
 
158 7593.0
 
159 9666.0
 
160 7593.0
 
161 9055.0
 
162 7593.0
 
163 9055.0
 
164 7593.0
 
165 7162.0
 
166 7593.0
 
167 7162.0
 
168 5153.0
 
169 8406.0
 
170 7593.0
 
171 8406.0
 
172 7593.0
 
173 7136.0
 
174 7316.0
 
175 7136.0
 
176 10406.0
 
177 7136.0
 
178 6955.0
 
179 7053.0
 
180 6955.0
 
181 7053.0
 
182 8333.0
 
183 7053.0
 
184 10430.0
 
185 7053.0
 
186 6718.0
 
187 7053.0
 
188 6718.0
 
189 7053.0
 
190 10445.0
 
191 6718.0
 
192 10445.0
 
193 6718.0
 
194 11366.0
 
195 6718.0
 
196 9615.0
 
197 6718.0
 
198 9615.0
 
199 6718.0
 
200 11366.0
 
201 6718.0
 
202 11366.0
 
203 6718.0
 
204 8000.0
 
205 6718.0
 
206 9333.0
 
207 6718.0
 
208 9161.0
 
209 10540.0
 
210 11980.0
 
211 10573.0
 
212 9517.0
 
213 8451.0
 
214 8757.0
 
215 8451.0
 
216 8757.0
 
217 8451.0
 
218 8703.0
 
219 7812.0
 
220 8703.0
 
221 7812.0
 
222 8703.0
 
223 8451.0
 
224 9400.0
 
225 7849.0
 
226 8969.0
 
227 7849.0
 
228 8969.0
 
229 7849.0
 
230 8969.0
 
231 7849.0
 
232 9013.0
 
233 7849.0
 
234 6310.0
 
235 9757.0
 
236 9135.0
 
237 8559.0
 
238 9903.0
 
239 9737.0
 
240 9903.0
 
241 9737.0
 
242 9364.0
 
243 8300.0
 
244 6983.0
 
245 9500.0
 
246 7385.0
 
247 8933.0
 
248 8251.0
 
249 7719.0
 
250 8251.0
 
251 7719.0
 
252 8251.0
 
253 7719.0
 
254 8251.0
 
255 9418.0
 
256 9854.0
 
257 8597.0
 
258 9854.0
 
259 8597.0
 
260 9854.0
 
261 8264.0
 
262 9854.0
 
263 8264.0
 
264 9854.0
 
265 8247.0
 
266 11055.0
 
267 8264.0
 
268 6802.0
 
269 7187.0
 
270 9817.0
 
271 7187.0
 
272 7792.0
 
273 7187.0
 
274 7792.0
 
275 7187.0
 
276 9337.0
 
277 7187.0
 
278 10409.0
 
279 8668.0
 
280 6601.0
 
281 7782.0
 
282 6601.0
 
283 8315.0
 
284 6601.0
 
285 9817.0
 
286 6601.0
 
287 9611.0
 
288 6601.0
 
289 9123.0
 
290 6601.0
 
291 9123.0
 
292 6601.0
 
293 8108.0
 
294 6601.0
 
295 8108.0
 
296 6601.0
 
297 8108.0
 
298 6601.0
 
299 7743.0
 
300 6601.0
 
301 7743.0
 
302 6601.0
 
303 7743.0
 
304 9897.0
 
305 8899.0
 
306 9897.0
 
307 10689.0
 
308 9897.0
 
309 10395.0
 
310 8820.0
 
311 10689.0
 
312 8820.0
 
313 9164.0
 
314 9742.0
 
315 9164.0
 
316 5897.0
 
317 9164.0
 
318 5897.0
 
319 8680.0
 
320 5897.0
 
321 6695.0
 
322 5897.0
 
323 6695.0
 
324 9613.0
 
325 10278.0
 
326 9064.0
 
327 10278.0
 
328 9613.0
 
329 10278.0
 
330 9613.0
 
331 10278.0
 
332 9321.0
 
333 10278.0
 
334 7608.0
 
335 12512.0
 
336 10106.0
 
337 11319.0
 
338 10106.0
 
339 11517.0
 
340 10106.0
 
341 10935.0
 
342 10071.0
 
343 6953.0
 
344 7110.0
 
345 6953.0
 
346 6117.0
 
347 6953.0
 
348 10698.0
 
349 6953.0
 
350 11646.0
 
351 6953.0
 
352 11487.0
 
353 6953.0
 
354 8510.0
 
355 9199.0
 
356 8510.0
 
357 9199.0
 
358 9582.0
 
359 9672.0
 
360 7250.0
 
361 9672.0
 
362 7250.0
 
363 9566.0
 
364 7250.0
 
365 11009.0
 
366 7250.0
 
367 11009.0
 
368 7250.0
 
369 11009.0
 
370 7250.0
 
371 11009.0
 
372 7250.0
 
373 10558.0
 
374 7685.0
 
375 10430.0
 
376 7827.0
 
377 9800.0
 
378 7606.0
 
379 9800.0
 
380 7606.0
 
381 7827.0
 
382 10177.0
 
383 7827.0
 
384 10177.0
 
385 10097.0
 
386 10368.0
 
387 8420.0
 
388 10368.0
 
389 10163.0
 
390 8188.0
 
391 8434.0
 
392 8707.0
 
393 5257.0
 
394 7262.0
 
395 5257.0
 
396 8462.0
 
397 8434.0
 
398 7335.0
 
399 8434.0
 
400 7603.0
 
401 8434.0
 
402 8462.0
 
403 8434.0
 
404 7383.0
 
405 8864.0
 
406 7383.0
 
407 8864.0
 
408 7383.0
 
409 6554.0
 
410 7383.0
 
411 6524.0
 
412 8197.0
 
413 7872.0
 
414 8394.0
 
415 7872.0
 
416 8394.0
 
417 7872.0
 
418 8394.0
 
419 7872.0
 
420 6675.0
 
421 6232.0
 
422 6675.0
 
423 6232.0
 
424 6675.0
 
425 6232.0
 
426 6675.0
 
427 6232.0
 
428 6675.0
 
429 6232.0
 
430 6016.0
 
431 6707.0
 
432 6016.0
 
433 8295.0
 
434 6016.0
 
435 11566.0
 
436 7647.0
 
437 9167.0
 
438 7647.0
 
439 9167.0
 
440 7647.0
 
441 8056.0
 
442 7647.0
 
443 8056.0
 
444 7647.0
 
445 8056.0
 
446 7647.0
 
447 8261.0
 
448 6959.0
 
449 7606.0
 
